t_s,left_shoulder_pitch,left_shoulder_roll,left_shoulder_yaw,left_elbow,left_wrist_roll,left_wrist_pitch,left_wrist_yaw,right_shoulder_pitch,right_shoulder_roll,right_shoulder_yaw,right_elbow,right_wrist_roll,right_wrist_pitch,right_wrist_yaw,waist_yaw
6.9500,0.413923,0.009414,-0.332287,0.403959,0.000000,0.000000,0.000000,0.901003,-0.656744,0.045492,0.494526,0.000000,0.000000,0.000000,0.000000
6.9667,0.414087,0.034923,-0.367858,0.394397,0.000000,0.000000,0.000000,0.843598,-0.623333,0.102832,0.466857,0.000000,0.000000,0.000000,0.000000
6.9833,0.413991,0.060619,-0.403581,0.384574,0.000000,0.000000,0.000000,0.786723,-0.592427,0.159310,0.440314,0.000000,0.000000,0.000000,0.000000
7.0833,0.413504,0.086308,-0.439121,0.374482,0.000000,0.000000,0.000000,0.731347,-0.565170,0.214019,0.415244,0.000000,0.000000,0.000000,0.000000
7.1000,0.412504,0.111767,-0.474157,0.364153,0.000000,0.000000,0.000000,0.678366,-0.542637,0.266070,0.392201,0.000000,0.000000,0.000000,0.000000
7.1167,0.410885,0.136745,-0.508392,0.353657,0.000000,0.000000,0.000000,0.628464,-0.525666,0.314685,0.371797,0.000000,0.000000,0.000000,0.000000
7.1333,0.408564,0.160969,-0.541567,0.343093,0.000000,0.000000,0.000000,0.582020,-0.514739,0.359261,0.354524,0.000000,0.000000,0.000000,0.000000
7.1500,0.405479,0.184168,-0.573467,0.332578,0.000000,0.000000,0.000000,0.539119,-0.509962,0.399401,0.340655,0.000000,0.000000,0.000000,0.000000
7.1667,0.401588,0.206080,-0.603935,0.322230,0.000000,0.000000,0.000000,0.499599,-0.511091,0.434908,0.330192,0.000000,0.000000,0.000000,0.000000
7.1833,0.396861,0.226471,-0.632870,0.312164,0.000000,0.000000,0.000000,0.463110,-0.517555,0.465777,0.322857,0.000000,0.000000,0.000000,0.000000
7.2000,0.391272,0.245140,-0.660226,0.302484,0.000000,0.000000,0.000000,0.429181,-0.528499,0.492172,0.318086,0.000000,0.000000,0.000000,0.000000
7.2833,0.384790,0.261920,-0.685999,0.293286,0.000000,0.000000,0.000000,0.397297,-0.542839,0.514407,0.315081,0.000000,0.000000,0.000000,0.000000
7.3667,0.377375,0.276681,-0.710218,0.284661,0.000000,0.000000,0.000000,0.366973,-0.559364,0.532911,0.312960,0.000000,0.000000,0.000000,0.000000
7.3833,0.368969,0.289326,-0.732940,0.276704,0.000000,0.000000,0.000000,0.337802,-0.576871,0.548186,0.310971,0.000000,0.000000,0.000000,0.000000
7.4000,0.359490,0.299791,-0.754239,0.269509,0.000000,0.000000,0.000000,0.309462,-0.594291,0.560754,0.308638,0.000000,0.000000,0.000000,0.000000
7.4167,0.348839,0.308039,-0.774195,0.263178,0.000000,0.000000,0.000000,0.281723,-0.610754,0.571127,0.305747,0.000000,0.000000,0.000000,0.000000
7.4333,0.336899,0.314060,-0.792887,0.257819,0.000000,0.000000,0.000000,0.254454,-0.625603,0.579790,0.302278,0.000000,0.000000,0.000000,0.000000
7.4500,0.323542,0.317874,-0.810387,0.253550,0.000000,0.000000,0.000000,0.227613,-0.638399,0.587180,0.298338,0.000000,0.000000,0.000000,0.000000
7.4667,0.308639,0.319532,-0.826753,0.250488,0.000000,0.000000,0.000000,0.201239,-0.648900,0.593681,0.294106,0.000000,0.000000,0.000000,0.000000
7.4833,0.292069,0.319120,-0.842034,0.248743,0.000000,0.000000,0.000000,0.175430,-0.657043,0.599608,0.289792,0.000000,0.000000,0.000000,0.000000
7.5000,0.273731,0.316749,-0.856262,0.248415,0.000000,0.000000,0.000000,0.150340,-0.662926,0.605206,0.285597,0.000000,0.000000,0.000000,0.000000
7.5167,0.253556,0.312551,-0.869460,0.249587,0.000000,0.000000,0.000000,0.126158,-0.666780,0.610646,0.281679,0.000000,0.000000,0.000000,0.000000
7.5333,0.231514,0.306667,-0.881640,0.252325,0.000000,0.000000,0.000000,0.103096,-0.668948,0.616028,0.278135,0.000000,0.000000,0.000000,0.000000
7.5500,0.207622,0.299245,-0.892802,0.256678,0.000000,0.000000,0.000000,0.081354,-0.669848,0.621383,0.274976,0.000000,0.000000,0.000000,0.000000
7.5667,0.181948,0.290443,-0.902946,0.262668,0.000000,0.000000,0.000000,0.061088,-0.669951,0.626682,0.272134,0.000000,0.000000,0.000000,0.000000
7.5833,0.154618,0.280427,-0.912067,0.270289,0.000000,0.000000,0.000000,0.042385,-0.669745,0.631844,0.269454,0.000000,0.000000,0.000000,0.000000
7.6000,0.125811,0.269378,-0.920159,0.279495,0.000000,0.000000,0.000000,0.025250,-0.669718,0.636749,0.266714,0.000000,0.000000,0.000000,0.000000
7.6167,0.095762,0.257491,-0.927224,0.290197,0.000000,0.000000,0.000000,0.009597,-0.670318,0.641252,0.263642,0.000000,0.000000,0.000000,0.000000
7.6333,0.064757,0.244984,-0.933265,0.302258,0.000000,0.000000,0.000000,-0.004746,-0.671933,0.645199,0.259940,0.000000,0.000000,0.000000,0.000000
7.6500,0.033126,0.232099,-0.938298,0.315487,0.000000,0.000000,0.000000,-0.018028,-0.674866,0.648444,0.255310,0.000000,0.000000,0.000000,0.000000
7.6667,0.001238,0.219092,-0.942354,0.329643,0.000000,0.000000,0.000000,-0.030560,-0.679321,0.650860,0.249474,0.000000,0.000000,0.000000,0.000000
7.6833,-0.030518,0.206226,-0.945481,0.344435,0.000000,0.000000,0.000000,-0.042687,-0.685399,0.652349,0.242195,0.000000,0.000000,0.000000,0.000000
7.7000,-0.061750,0.193751,-0.947743,0.359521,0.000000,0.000000,0.000000,-0.054762,-0.693106,0.652846,0.233291,0.000000,0.000000,0.000000,0.000000
7.7167,-0.092080,0.181890,-0.949222,0.374520,0.000000,0.000000,0.000000,-0.067118,-0.702364,0.652322,0.222643,0.000000,0.000000,0.000000,0.000000
7.7333,-0.121164,0.170836,-0.950011,0.389015,0.000000,0.000000,0.000000,-0.080039,-0.713023,0.650783,0.210214,0.000000,0.000000,0.000000,0.000000
7.7500,-0.148710,0.160741,-0.950211,0.402568,0.000000,0.000000,0.000000,-0.093738,-0.724875,0.648280,0.196052,0.000000,0.000000,0.000000,0.000000
7.7667,-0.174503,0.151721,-0.949923,0.414739,0.000000,0.000000,0.000000,-0.108333,-0.737661,0.644906,0.180300,0.000000,0.000000,0.000000,0.000000
7.7833,-0.198420,0.143854,-0.949235,0.425111,0.000000,0.000000,0.000000,-0.123845,-0.751077,0.640804,0.163204,0.000000,0.000000,0.000000,0.000000
7.8000,-0.220449,0.137186,-0.948219,0.433319,0.000000,0.000000,0.000000,-0.140202,-0.764774,0.636156,0.145119,0.000000,0.000000,0.000000,0.000000
7.8167,-0.240693,0.131737,-0.946923,0.439063,0.000000,0.000000,0.000000,-0.157278,-0.778363,0.631175,0.126507,0.000000,0.000000,0.000000,0.000000
7.8333,-0.259357,0.127508,-0.945368,0.442126,0.000000,0.000000,0.000000,-0.174915,-0.791451,0.626076,0.107903,0.000000,0.000000,0.000000,0.000000
7.8500,-0.276744,0.124486,-0.943551,0.442387,0.000000,0.000000,0.000000,-0.192934,-0.803697,0.621054,0.089845,0.000000,0.000000,0.000000,0.000000
7.8667,-0.293221,0.122641,-0.941444,0.439825,0.000000,0.000000,0.000000,-0.211112,-0.814887,0.616266,0.072792,0.000000,0.000000,0.000000,0.000000
7.8833,-0.309205,0.121931,-0.939004,0.434526,0.000000,0.000000,0.000000,-0.229166,-0.824966,0.611821,0.057076,0.000000,0.000000,0.000000,0.000000
7.9000,-0.325129,0.122295,-0.936174,0.426679,0.000000,0.000000,0.000000,-0.246749,-0.834050,0.607771,0.042890,0.000000,0.000000,0.000000,0.000000
7.9167,-0.341412,0.123656,-0.932895,0.416574,0.000000,0.000000,0.000000,-0.263467,-0.842391,0.604121,0.030299,0.000000,0.000000,0.000000,0.000000
7.9333,-0.358432,0.125913,-0.929115,0.404588,0.000000,0.000000,0.000000,-0.278907,-0.850345,0.600831,0.019281,0.000000,0.000000,0.000000,0.000000
7.9500,-0.376484,0.128943,-0.924807,0.391176,0.000000,0.000000,0.000000,-0.292686,-0.858299,0.597832,0.009780,0.000000,0.000000,0.000000,0.000000
7.9667,-0.395749,0.132595,-0.919979,0.376860,0.000000,0.000000,0.000000,-0.304495,-0.866608,0.595043,0.001747,0.000000,0.000000,0.000000,0.000000
7.9833,-0.416259,0.136700,-0.914695,0.362207,0.000000,0.000000,0.000000,-0.314119,-0.875544,0.592387,-0.004830,0.000000,0.000000,0.000000,0.000000
8.0000,-0.437885,0.141077,-0.909071,0.347809,0.000000,0.000000,0.000000,-0.321438,-0.885281,0.589805,-0.009926,0.000000,0.000000,0.000000,0.000000
8.0167,-0.460358,0.145544,-0.903272,0.334238,0.000000,0.000000,0.000000,-0.326401,-0.895895,0.587262,-0.013488,0.000000,0.000000,0.000000,0.000000
8.0333,-0.483333,0.149917,-0.897487,0.321998,0.000000,0.000000,0.000000,-0.329013,-0.907376,0.584745,-0.015449,0.000000,0.000000,0.000000,0.000000
8.0500,-0.506442,0.154005,-0.891908,0.311480,0.000000,0.000000,0.000000,-0.329329,-0.919632,0.582265,-0.015722,0.000000,0.000000,0.000000,0.000000
8.0667,-0.529335,0.157604,-0.886718,0.302944,0.000000,0.000000,0.000000,-0.327454,-0.932485,0.579856,-0.014205,0.000000,0.000000,0.000000,0.000000
8.0833,-0.551695,0.160503,-0.882083,0.296518,0.000000,0.000000,0.000000,-0.323556,-0.945677,0.577568,-0.010779,0.000000,0.000000,0.000000,0.000000
8.1000,-0.573246,0.162488,-0.878145,0.292203,0.000000,0.000000,0.000000,-0.317849,-0.958884,0.575465,-0.005323,0.000000,0.000000,0.000000,0.000000
8.1167,-0.593747,0.163353,-0.875025,0.289887,0.000000,0.000000,0.000000,-0.310567,-0.971758,0.573616,0.002268,0.000000,0.000000,0.000000,0.000000
8.1333,-0.612988,0.162903,-0.872825,0.289374,0.000000,0.000000,0.000000,-0.301935,-0.983963,0.572091,0.012060,0.000000,0.000000,0.000000,0.000000
8.1500,-0.630786,0.160961,-0.871636,0.290414,0.000000,0.000000,0.000000,-0.292151,-0.995202,0.570953,0.024069,0.000000,0.000000,0.000000,0.000000
8.1667,-0.646978,0.157376,-0.871536,0.292749,0.000000,0.000000,0.000000,-0.281386,-1.005225,0.570258,0.038256,0.000000,0.000000,0.000000,0.000000
8.1833,-0.661429,0.152021,-0.872595,0.296154,0.000000,0.000000,0.000000,-0.269816,-1.013818,0.570042,0.054538,0.000000,0.000000,0.000000,0.000000
8.2000,-0.674031,0.144799,-0.874867,0.300459,0.000000,0.000000,0.000000,-0.257648,-1.020793,0.570324,0.072794,0.000000,0.000000,0.000000,0.000000
8.2167,-0.684702,0.135658,-0.878389,0.305563,0.000000,0.000000,0.000000,-0.245143,-1.025982,0.571093,0.092876,0.000000,0.000000,0.000000,0.000000
8.2333,-0.693387,0.124598,-0.883172,0.311420,0.000000,0.000000,0.000000,-0.232617,-1.029257,0.572302,0.114621,0.000000,0.000000,0.000000,0.000000
8.2500,-0.700046,0.111675,-0.889201,0.318028,0.000000,0.000000,0.000000,-0.220410,-1.030550,0.573875,0.137842,0.000000,0.000000,0.000000,0.000000
8.2667,-0.704662,0.097003,-0.896430,0.325420,0.000000,0.000000,0.000000,-0.208853,-1.029868,0.575704,0.162322,0.000000,0.000000,0.000000,0.000000
8.2833,-0.707228,0.080742,-0.904786,0.333652,0.000000,0.000000,0.000000,-0.198226,-1.027306,0.577666,0.187800,0.000000,0.000000,0.000000,0.000000
8.3000,-0.707751,0.063083,-0.914179,0.342783,0.000000,0.000000,0.000000,-0.188731,-1.023036,0.579635,0.213962,0.000000,0.000000,0.000000,0.000000
8.3167,-0.706240,0.044237,-0.924502,0.352863,0.000000,0.000000,0.000000,-0.180466,-1.017303,0.581495,0.240444,0.000000,0.000000,0.000000,0.000000
8.3333,-0.702709,0.024422,-0.935644,0.363916,0.000000,0.000000,0.000000,-0.173423,-1.010412,0.583145,0.266850,0.000000,0.000000,0.000000,0.000000
8.3500,-0.697183,0.003852,-0.947490,0.375934,0.000000,0.000000,0.000000,-0.167487,-1.002702,0.584508,0.292790,0.000000,0.000000,0.000000,0.000000
8.3667,-0.689703,-0.017259,-0.959922,0.388872,0.000000,0.000000,0.000000,-0.162459,-0.994519,0.585531,0.317922,0.000000,0.000000,0.000000,0.000000
8.3833,-0.680349,-0.038698,-0.972810,0.402640,0.000000,0.000000,0.000000,-0.158074,-0.986192,0.586189,0.341980,0.000000,0.000000,0.000000,0.000000
8.4000,-0.669250,-0.060235,-0.986003,0.417100,0.000000,0.000000,0.000000,-0.154018,-0.978007,0.586483,0.364785,0.000000,0.000000,0.000000,0.000000
8.4167,-0.656594,-0.081617,-0.999329,0.432049,0.000000,0.000000,0.000000,-0.149942,-0.970191,0.586445,0.386235,0.000000,0.000000,0.000000,0.000000
8.4333,-0.642638,-0.102541,-1.012580,0.447224,0.000000,0.000000,0.000000,-0.145460,-0.962904,0.586139,0.406273,0.000000,0.000000,0.000000,0.000000
8.4500,-0.627702,-0.122663,-1.025523,0.462308,0.000000,0.000000,0.000000,-0.140145,-0.956238,0.585669,0.424852,0.000000,0.000000,0.000000,0.000000
8.4667,-0.612168,-0.141609,-1.037900,0.476964,0.000000,0.000000,0.000000,-0.133520,-0.950226,0.585181,0.441895,0.000000,0.000000,0.000000,0.000000
8.4833,-0.596457,-0.159017,-1.049453,0.490880,0.000000,0.000000,0.000000,-0.125055,-0.944849,0.584859,0.457279,0.000000,0.000000,0.000000,0.000000
8.5000,-0.580999,-0.174584,-1.059941,0.503803,0.000000,0.000000,0.000000,-0.114184,-0.940048,0.584928,0.470846,0.000000,0.000000,0.000000,0.000000
8.5167,-0.566195,-0.188092,-1.069167,0.515548,0.000000,0.000000,0.000000,-0.100336,-0.935732,0.585634,0.482455,0.000000,0.000000,0.000000,0.000000
8.5333,-0.552371,-0.199412,-1.076995,0.525991,0.000000,0.000000,0.000000,-0.082982,-0.931778,0.587230,0.492042,0.000000,0.000000,0.000000,0.000000
8.5500,-0.539754,-0.208497,-1.083364,0.535059,0.000000,0.000000,0.000000,-0.061678,-0.928039,0.589957,0.499652,0.000000,0.000000,0.000000,0.000000
8.5667,-0.528452,-0.215360,-1.088281,0.542715,0.000000,0.000000,0.000000,-0.036120,-0.924340,0.594027,0.505459,0.000000,0.000000,0.000000,0.000000
8.5833,-0.518459,-0.220054,-1.091826,0.548948,0.000000,0.000000,0.000000,-0.006199,-0.920478,0.599603,0.509779,0.000000,0.000000,0.000000,0.000000
8.6167,-0.509658,-0.222653,-1.094132,0.553757,0.000000,0.000000,0.000000,0.027961,-0.916230,0.606785,0.513064,0.000000,0.000000,0.000000,0.000000
8.6333,-0.501829,-0.223224,-1.095381,0.557145,0.000000,0.000000,0.000000,0.065998,-0.911375,0.615589,0.515853,0.000000,0.000000,0.000000,0.000000
8.6500,-0.494664,-0.221812,-1.095789,0.559112,0.000000,0.000000,0.000000,0.107332,-0.905737,0.625942,0.518688,0.000000,0.000000,0.000000,0.000000
8.6667,-0.487781,-0.218423,-1.095592,0.559646,0.000000,0.000000,0.000000,0.151177,-0.899207,0.637668,0.522025,0.000000,0.000000,0.000000,0.000000
8.6833,-0.480742,-0.213018,-1.095040,0.558729,0.000000,0.000000,0.000000,0.196550,-0.891773,0.650483,0.526161,0.000000,0.000000,0.000000,0.000000
8.7333,-0.473078,-0.205513,-1.094375,0.556328,0.000000,0.000000,0.000000,0.242272,-0.883524,0.664003,0.531181,0.000000,0.000000,0.000000,0.000000
8.7833,-0.464310,-0.195786,-1.093831,0.552409,0.000000,0.000000,0.000000,0.287053,-0.874644,0.677768,0.536972,0.000000,0.000000,0.000000,0.000000
8.8000,-0.453975,-0.183684,-1.093614,0.546932,0.000000,0.000000,0.000000,0.329643,-0.865378,0.691306,0.543291,0.000000,0.000000,0.000000,0.000000
8.8167,-0.441651,-0.169046,-1.093903,0.539868,0.000000,0.000000,0.000000,0.369008,-0.855977,0.704205,0.549858,0.000000,0.000000,0.000000,0.000000
8.8333,-0.426982,-0.151717,-1.094836,0.531204,0.000000,0.000000,0.000000,0.404408,-0.846670,0.716148,0.556417,0.000000,0.000000,0.000000,0.000000
8.8500,-0.409695,-0.131571,-1.096509,0.520962,0.000000,0.000000,0.000000,0.435395,-0.837653,0.726914,0.562757,0.000000,0.000000,0.000000,0.000000
8.8667,-0.389622,-0.108537,-1.098972,0.509207,0.000000,0.000000,0.000000,0.461778,-0.829089,0.736369,0.568715,0.000000,0.000000,0.000000,0.000000
8.8833,-0.366711,-0.082631,-1.102227,0.496064,0.000000,0.000000,0.000000,0.483578,-0.821112,0.744454,0.574165,0.000000,0.000000,0.000000,0.000000
8.9000,-0.341031,-0.053988,-1.106228,0.481722,0.000000,0.000000,0.000000,0.500969,-0.813832,0.751163,0.579014,0.000000,0.000000,0.000000,0.000000
8.9167,-0.312778,-0.022890,-1.110890,0.466433,0.000000,0.000000,0.000000,0.514220,-0.807338,0.756532,0.583194,0.000000,0.000000,0.000000,0.000000
8.9333,-0.282263,0.010232,-1.116083,0.450491,0.000000,0.000000,0.000000,0.523642,-0.801699,0.760614,0.586648,0.000000,0.000000,0.000000,0.000000
8.9500,-0.249905,0.044828,-1.121638,0.434193,0.000000,0.000000,0.000000,0.529551,-0.796967,0.763478,0.589327,0.000000,0.000000,0.000000,0.000000
8.9667,-0.216214,0.080268,-1.127352,0.417804,0.000000,0.000000,0.000000,0.532235,-0.793169,0.765191,0.591180,0.000000,0.000000,0.000000,0.000000
8.9833,-0.181774,0.115875,-1.132990,0.401538,0.000000,0.000000,0.000000,0.531942,-0.790305,0.765824,0.592146,0.000000,0.000000,0.000000,0.000000
9.0000,-0.147218,0.150962,-1.138306,0.385552,0.000000,0.000000,0.000000,0.528866,-0.788347,0.765444,0.592151,0.000000,0.000000,0.000000,0.000000
9.0167,-0.113199,0.184873,-1.143062,0.369947,0.000000,0.000000,0.000000,0.523145,-0.787233,0.764111,0.591109,0.000000,0.000000,0.000000,0.000000
9.0333,-0.080329,0.217040,-1.147057,0.354789,0.000000,0.000000,0.000000,0.514859,-0.786869,0.761887,0.588918,0.000000,0.000000,0.000000,0.000000
9.0500,-0.049122,0.247039,-1.150161,0.340122,0.000000,0.000000,0.000000,0.504038,-0.787138,0.758827,0.585466,0.000000,0.000000,0.000000,0.000000
9.0667,-0.019965,0.274588,-1.152320,0.325996,0.000000,0.000000,0.000000,0.490680,-0.787903,0.754988,0.580632,0.000000,0.000000,0.000000,0.000000
9.0833,0.006886,0.299529,-1.153555,0.312477,0.000000,0.000000,0.000000,0.474775,-0.789019,0.750427,0.574294,0.000000,0.000000,0.000000,0.000000
9.1000,0.031281,0.321796,-1.153940,0.299646,0.000000,0.000000,0.000000,0.456330,-0.790340,0.745215,0.566339,0.000000,0.000000,0.000000,0.000000
9.1167,0.053155,0.341392,-1.153582,0.287596,0.000000,0.000000,0.000000,0.435404,-0.791720,0.739437,0.556677,0.000000,0.000000,0.000000,0.000000
9.1333,0.072512,0.358377,-1.152605,0.276423,0.000000,0.000000,0.000000,0.412135,-0.793018,0.733202,0.545253,0.000000,0.000000,0.000000,0.000000
9.1500,0.089402,0.372848,-1.151136,0.266219,0.000000,0.000000,0.000000,0.386771,-0.794100,0.726648,0.532075,0.000000,0.000000,0.000000,0.000000
9.2000,0.103907,0.384925,-1.149292,0.257066,0.000000,0.000000,0.000000,0.359688,-0.794843,0.719948,0.517227,0.000000,0.000000,0.000000,0.000000
9.2167,0.116127,0.394736,-1.147178,0.249028,0.000000,0.000000,0.000000,0.331382,-0.795145,0.713297,0.500888,0.000000,0.000000,0.000000,0.000000
9.2333,0.126167,0.402408,-1.144877,0.242149,0.000000,0.000000,0.000000,0.302433,-0.794929,0.706905,0.483321,0.000000,0.000000,0.000000,0.000000
9.2500,0.134130,0.408059,-1.142453,0.236452,0.000000,0.000000,0.000000,0.273456,-0.794166,0.700970,0.464846,0.000000,0.000000,0.000000,0.000000
9.2667,0.140108,0.411790,-1.139949,0.231945,0.000000,0.000000,0.000000,0.245051,-0.792874,0.695667,0.445811,0.000000,0.000000,0.000000,0.000000
9.2833,0.144175,0.413692,-1.137387,0.228626,0.000000,0.000000,0.000000,0.217749,-0.791113,0.691128,0.426566,0.000000,0.000000,0.000000,0.000000
9.3000,0.146385,0.413842,-1.134768,0.226489,0.000000,0.000000,0.000000,0.191957,-0.788969,0.687438,0.407428,0.000000,0.000000,0.000000,0.000000
9.3167,0.146763,0.412307,-1.132073,0.225529,0.000000,0.000000,0.000000,0.167941,-0.786534,0.684628,0.388663,0.000000,0.000000,0.000000,0.000000
9.3333,0.145308,0.409146,-1.129270,0.225744,0.000000,0.000000,0.000000,0.145820,-0.783906,0.682682,0.370461,0.000000,0.000000,0.000000,0.000000
9.3500,0.141999,0.404409,-1.126311,0.227135,0.000000,0.000000,0.000000,0.125578,-0.781185,0.681540,0.352935,0.000000,0.000000,0.000000,0.000000
9.3667,0.136791,0.398141,-1.123145,0.229703,0.000000,0.000000,0.000000,0.107075,-0.778471,0.681101,0.336122,0.000000,0.000000,0.000000,0.000000
9.3833,0.129628,0.390383,-1.119712,0.233449,0.000000,0.000000,0.000000,0.090063,-0.775870,0.681229,0.319997,0.000000,0.000000,0.000000,0.000000
9.4000,0.120446,0.381179,-1.115953,0.238367,0.000000,0.000000,0.000000,0.074204,-0.773479,0.681757,0.304478,0.000000,0.000000,0.000000,0.000000
9.4167,0.109183,0.370582,-1.111812,0.244443,0.000000,0.000000,0.000000,0.059085,-0.771385,0.682500,0.289449,0.000000,0.000000,0.000000,0.000000
9.4333,0.095795,0.358651,-1.107238,0.251649,0.000000,0.000000,0.000000,0.044235,-0.769654,0.683258,0.274773,0.000000,0.000000,0.000000,0.000000
9.4500,0.080267,0.345457,-1.102197,0.259941,0.000000,0.000000,0.000000,0.029158,-0.768341,0.683828,0.260299,0.000000,0.000000,0.000000,0.000000
9.4667,0.062629,0.331086,-1.096673,0.269264,0.000000,0.000000,0.000000,0.013364,-0.767495,0.684011,0.245866,0.000000,0.000000,0.000000,0.000000
9.4833,0.042968,0.315640,-1.090673,0.279545,0.000000,0.000000,0.000000,-0.003596,-0.767158,0.683627,0.231296,0.000000,0.000000,0.000000,0.000000
9.5000,0.021439,0.299246,-1.084232,0.290691,0.000000,0.000000,0.000000,-0.022093,-0.767368,0.682525,0.216398,0.000000,0.000000,0.000000,0.000000
9.5167,-0.001734,0.282065,-1.077415,0.302580,0.000000,0.000000,0.000000,-0.042387,-0.768162,0.680597,0.200972,0.000000,0.000000,0.000000,0.000000
9.5333,-0.026261,0.264293,-1.070305,0.315057,0.000000,0.000000,0.000000,-0.064589,-0.769581,0.677786,0.184817,0.000000,0.000000,0.000000,0.000000
9.5500,-0.051805,0.246161,-1.063003,0.327927,0.000000,0.000000,0.000000,-0.088622,-0.771681,0.674095,0.167740,0.000000,0.000000,0.000000,0.000000
9.5667,-0.077997,0.227928,-1.055610,0.340957,0.000000,0.000000,0.000000,-0.114214,-0.774541,0.669587,0.149572,0.000000,0.000000,0.000000,0.000000
9.5833,-0.104458,0.209880,-1.048225,0.353878,0.000000,0.000000,0.000000,-0.140890,-0.778270,0.664377,0.130186,0.000000,0.000000,0.000000,0.000000
9.6000,-0.130821,0.192318,-1.040935,0.366401,0.000000,0.000000,0.000000,-0.167987,-0.783015,0.658626,0.109500,0.000000,0.000000,0.000000,0.000000
9.6167,-0.156751,0.175537,-1.033812,0.378241,0.000000,0.000000,0.000000,-0.194697,-0.788953,0.652523,0.087493,0.000000,0.000000,0.000000,0.000000
9.6333,-0.181961,0.159794,-1.026912,0.389143,0.000000,0.000000,0.000000,-0.220141,-0.796269,0.646272,0.064221,0.000000,0.000000,0.000000,0.000000
9.6500,-0.206227,0.145295,-1.020277,0.398901,0.000000,0.000000,0.000000,-0.243483,-0.805094,0.640074,0.039861,0.000000,0.000000,0.000000,0.000000
9.6667,-0.229400,0.132175,-1.013935,0.407370,0.000000,0.000000,0.000000,-0.264043,-0.815449,0.634119,0.014751,0.000000,0.000000,0.000000,0.000000
9.6833,-0.251414,0.120516,-1.007890,0.414457,0.000000,0.000000,0.000000,-0.281381,-0.827216,0.628568,-0.010608,0.000000,0.000000,0.000000,0.000000
9.7000,-0.272303,0.110359,-1.002113,0.420119,0.000000,0.000000,0.000000,-0.295322,-0.840136,0.623548,-0.035593,0.000000,0.000000,0.000000,0.000000
9.7167,-0.292202,0.101728,-0.996539,0.424348,0.000000,0.000000,0.000000,-0.305932,-0.853850,0.619148,-0.059534,0.000000,0.000000,0.000000,0.000000
9.7333,-0.311345,0.094630,-0.991063,0.427158,0.000000,0.000000,0.000000,-0.313473,-0.867946,0.615417,-0.081781,0.000000,0.000000,0.000000,0.000000
9.7500,-0.330053,0.089060,-0.985551,0.428579,0.000000,0.000000,0.000000,-0.318336,-0.882002,0.612368,-0.101772,0.000000,0.000000,0.000000,0.000000
9.7667,-0.348712,0.084997,-0.979848,0.428654,0.000000,0.000000,0.000000,-0.320983,-0.895635,0.609983,-0.119068,0.000000,0.000000,0.000000,0.000000
9.7833,-0.367741,0.082397,-0.973796,0.427454,0.000000,0.000000,0.000000,-0.321895,-0.908516,0.608219,-0.133366,0.000000,0.000000,0.000000,0.000000
9.8000,-0.387550,0.081188,-0.967250,0.425077,0.000000,0.000000,0.000000,-0.321545,-0.920383,0.607015,-0.144493,0.000000,0.000000,0.000000,0.000000
9.8167,-0.408495,0.081270,-0.960103,0.421649,0.000000,0.000000,0.000000,-0.320381,-0.931031,0.606303,-0.152383,0.000000,0.000000,0.000000,0.000000
9.8333,-0.430827,0.082512,-0.952299,0.417312,0.000000,0.000000,0.000000,-0.318820,-0.940305,0.606004,-0.157046,0.000000,0.000000,0.000000,0.000000
9.8500,-0.454666,0.084748,-0.943851,0.412222,0.000000,0.000000,0.000000,-0.317237,-0.948098,0.606035,-0.158552,0.000000,0.000000,0.000000,0.000000
9.8667,-0.479982,0.087776,-0.934843,0.406545,0.000000,0.000000,0.000000,-0.315938,-0.954365,0.606311,-0.157010,0.000000,0.000000,0.000000,0.000000
9.8833,-0.506586,0.091357,-0.925434,0.400453,0.000000,0.000000,0.000000,-0.315136,-0.959133,0.606749,-0.152555,0.000000,0.000000,0.000000,0.000000
9.9000,-0.534138,0.095218,-0.915848,0.394117,0.000000,0.000000,0.000000,-0.314919,-0.962503,0.607274,-0.145326,0.000000,0.000000,0.000000,0.000000
9.9167,-0.562170,0.099077,-0.906358,0.387691,0.000000,0.000000,0.000000,-0.315252,-0.964633,0.607832,-0.135444,0.000000,0.000000,0.000000,0.000000
9.9333,-0.590126,0.102664,-0.897260,0.381300,0.000000,0.000000,0.000000,-0.315977,-0.965714,0.608393,-0.122994,0.000000,0.000000,0.000000,0.000000
9.9500,-0.617409,0.105754,-0.888845,0.375052,0.000000,0.000000,0.000000,-0.316831,-0.965958,0.608953,-0.108022,0.000000,0.000000,0.000000,0.000000
9.9667,-0.643449,0.108174,-0.881363,0.369051,0.000000,0.000000,0.000000,-0.317455,-0.965593,0.609530,-0.090535,0.000000,0.000000,0.000000,0.000000
9.9833,-0.667756,0.109807,-0.875011,0.363426,0.000000,0.000000,0.000000,-0.317429,-0.964847,0.610159,-0.070500,0.000000,0.000000,0.000000,0.000000
10.0000,-0.689960,0.110578,-0.869920,0.358329,0.000000,0.000000,0.000000,-0.316315,-0.963920,0.610887,-0.047853,0.000000,0.000000,0.000000,0.000000
10.0167,-0.709834,0.110431,-0.866151,0.353934,0.000000,0.000000,0.000000,-0.313695,-0.962960,0.611769,-0.022520,0.000000,0.000000,0.000000,0.000000
10.0333,-0.727285,0.109306,-0.863714,0.350422,0.000000,0.000000,0.000000,-0.309199,-0.962070,0.612862,0.005561,0.000000,0.000000,0.000000,0.000000
10.0500,-0.742344,0.107124,-0.862573,0.347961,0.000000,0.000000,0.000000,-0.302517,-0.961324,0.614207,0.036391,0.000000,0.000000,0.000000,0.000000
10.0667,-0.755135,0.103786,-0.862669,0.346694,0.000000,0.000000,0.000000,-0.293396,-0.960806,0.615822,0.069872,0.000000,0.000000,0.000000,0.000000
10.0833,-0.765844,0.099174,-0.863925,0.346723,0.000000,0.000000,0.000000,-0.281667,-0.960617,0.617689,0.105753,0.000000,0.000000,0.000000,0.000000
10.1000,-0.774688,0.093171,-0.866258,0.348103,0.000000,0.000000,0.000000,-0.267285,-0.960864,0.619749,0.143593,0.000000,0.000000,0.000000,0.000000
10.1333,-0.781898,0.085666,-0.869585,0.350839,0.000000,0.000000,0.000000,-0.250388,-0.961606,0.621905,0.182740,0.000000,0.000000,0.000000,0.000000
10.2000,-0.787685,0.076581,-0.873824,0.354883,0.000000,0.000000,0.000000,-0.231329,-0.962814,0.624040,0.222363,0.000000,0.000000,0.000000,0.000000
10.2167,-0.792230,0.065883,-0.878895,0.360132,0.000000,0.000000,0.000000,-0.210593,-0.964369,0.626041,0.261550,0.000000,0.000000,0.000000,0.000000
10.2333,-0.795659,0.053604,-0.884726,0.366436,0.000000,0.000000,0.000000,-0.188646,-0.966123,0.627835,0.299456,0.000000,0.000000,0.000000,0.000000
10.2500,-0.798035,0.039842,-0.891253,0.373614,0.000000,0.000000,0.000000,-0.165804,-0.967933,0.629406,0.335399,0.000000,0.000000,0.000000,0.000000
10.2667,-0.799351,0.024758,-0.898427,0.381472,0.000000,0.000000,0.000000,-0.142197,-0.969671,0.630805,0.368872,0.000000,0.000000,0.000000,0.000000
10.2833,-0.799524,0.008550,-0.906224,0.389825,0.000000,0.000000,0.000000,-0.117774,-0.971201,0.632149,0.399509,0.000000,0.000000,0.000000,0.000000
10.3000,-0.798411,-0.008567,-0.914643,0.398523,0.000000,0.000000,0.000000,-0.092350,-0.972360,0.633621,0.427034,0.000000,0.000000,0.000000,0.000000
10.3333,-0.795821,-0.026398,-0.923714,0.407465,0.000000,0.000000,0.000000,-0.065653,-0.972946,0.635451,0.451244,0.000000,0.000000,0.000000,0.000000
10.3500,-0.791535,-0.044774,-0.933486,0.416602,0.000000,0.000000,0.000000,-0.037389,-0.972734,0.637892,0.472029,0.000000,0.000000,0.000000,0.000000
10.3667,-0.785334,-0.063551,-0.944016,0.425930,0.000000,0.000000,0.000000,-0.007293,-0.971504,0.641184,0.489421,0.000000,0.000000,0.000000,0.000000
10.3833,-0.777022,-0.082593,-0.955350,0.435481,0.000000,0.000000,0.000000,0.024827,-0.969085,0.645526,0.503626,0.000000,0.000000,0.000000,0.000000
10.4000,-0.766445,-0.101755,-0.967508,0.445296,0.000000,0.000000,0.000000,0.059059,-0.965384,0.651052,0.515018,0.000000,0.000000,0.000000,0.000000
10.4500,-0.753513,-0.120865,-0.980467,0.455402,0.000000,0.000000,0.000000,0.095349,-0.960406,0.657817,0.524118,0.000000,0.000000,0.000000,0.000000
10.4667,-0.738226,-0.139716,-0.994149,0.465777,0.000000,0.000000,0.000000,0.133471,-0.954255,0.665786,0.531527,0.000000,0.000000,0.000000,0.000000
10.4833,-0.720702,-0.158049,-1.008402,0.476320,0.000000,0.000000,0.000000,0.172993,-0.947118,0.674818,0.537817,0.000000,0.000000,0.000000,0.000000
10.5000,-0.701204,-0.175551,-1.022992,0.486852,0.000000,0.000000,0.000000,0.213236,-0.939245,0.684662,0.543407,0.000000,0.000000,0.000000,0.000000
10.6000,-0.680155,-0.191867,-1.037603,0.497139,0.000000,0.000000,0.000000,0.253278,-0.930929,0.694964,0.548472,0.000000,0.000000,0.000000,0.000000
10.6167,-0.658113,-0.206646,-1.051862,0.506955,0.000000,0.000000,0.000000,0.292071,-0.922472,0.705319,0.552943,0.000000,0.000000,0.000000,0.000000
10.6333,-0.635719,-0.219580,-1.065378,0.516117,0.000000,0.000000,0.000000,0.328635,-0.914149,0.715344,0.556602,0.000000,0.000000,0.000000,0.000000
10.6500,-0.613622,-0.230436,-1.077784,0.524488,0.000000,0.000000,0.000000,0.362187,-0.906168,0.724734,0.559201,0.000000,0.000000,0.000000,0.000000
10.6667,-0.592405,-0.239056,-1.088777,0.531969,0.000000,0.000000,0.000000,0.392151,-0.898663,0.733266,0.560517,0.000000,0.000000,0.000000,0.000000
10.6833,-0.572512,-0.245351,-1.098149,0.538486,0.000000,0.000000,0.000000,0.418145,-0.891696,0.740797,0.560362,0.000000,0.000000,0.000000,0.000000
10.7000,-0.554198,-0.249282,-1.105808,0.543978,0.000000,0.000000,0.000000,0.439960,-0.885274,0.747257,0.558588,0.000000,0.000000,0.000000,0.000000
10.7167,-0.537520,-0.250841,-1.111774,0.548392,0.000000,0.000000,0.000000,0.457558,-0.879363,0.752636,0.555083,0.000000,0.000000,0.000000,0.000000
10.7333,-0.522338,-0.250020,-1.116169,0.551675,0.000000,0.000000,0.000000,0.471048,-0.873909,0.756982,0.549780,0.000000,0.000000,0.000000,0.000000
10.7500,-0.508353,-0.246788,-1.119188,0.553774,0.000000,0.000000,0.000000,0.480673,-0.868859,0.760381,0.542667,0.000000,0.000000,0.000000,0.000000
10.7667,-0.495144,-0.241076,-1.121072,0.554633,0.000000,0.000000,0.000000,0.486772,-0.864168,0.762951,0.533798,0.000000,0.000000,0.000000,0.000000
10.7833,-0.482214,-0.232775,-1.122085,0.554188,0.000000,0.000000,0.000000,0.489749,-0.859813,0.764822,0.523313,0.000000,0.000000,0.000000,0.000000
10.8000,-0.469026,-0.221742,-1.122494,0.552371,0.000000,0.000000,0.000000,0.490034,-0.855783,0.766125,0.511438,0.000000,0.000000,0.000000,0.000000
10.8167,-0.455041,-0.207823,-1.122554,0.549110,0.000000,0.000000,0.000000,0.488048,-0.852085,0.766981,0.498489,0.000000,0.000000,0.000000,0.000000
10.8333,-0.439744,-0.190869,-1.122499,0.544332,0.000000,0.000000,0.000000,0.484184,-0.848735,0.767491,0.484855,0.000000,0.000000,0.000000,0.000000
10.8500,-0.422675,-0.170766,-1.122539,0.537971,0.000000,0.000000,0.000000,0.478790,-0.845759,0.767733,0.470969,0.000000,0.000000,0.000000,0.000000
10.8667,-0.403442,-0.147462,-1.122856,0.529976,0.000000,0.000000,0.000000,0.472163,-0.843188,0.767756,0.457277,0.000000,0.000000,0.000000,0.000000
10.8833,-0.381751,-0.120991,-1.123600,0.520323,0.000000,0.000000,0.000000,0.464540,-0.841055,0.767583,0.444201,0.000000,0.000000,0.000000,0.000000
10.9000,-0.357416,-0.091503,-1.124886,0.509032,0.000000,0.000000,0.000000,0.456096,-0.839393,0.767216,0.432104,0.000000,0.000000,0.000000,0.000000
10.9167,-0.330394,-0.059279,-1.126781,0.496181,0.000000,0.000000,0.000000,0.446944,-0.838228,0.766636,0.421267,0.000000,0.000000,0.000000,0.000000
10.9333,-0.300802,-0.024743,-1.129300,0.481914,0.000000,0.000000,0.000000,0.437131,-0.837574,0.765808,0.411875,0.000000,0.000000,0.000000,0.000000
10.9500,-0.268936,0.011546,-1.132387,0.466443,0.000000,0.000000,0.000000,0.426637,-0.837427,0.764685,0.404016,0.000000,0.000000,0.000000,0.000000
10.9667,-0.235265,0.048917,-1.135919,0.450037,0.000000,0.000000,0.000000,0.415384,-0.837763,0.763214,0.397691,0.000000,0.000000,0.000000,0.000000
10.9833,-0.200401,0.086616,-1.139716,0.433000,0.000000,0.000000,0.000000,0.403242,-0.838528,0.761335,0.392815,0.000000,0.000000,0.000000,0.000000
11.0000,-0.165033,0.123850,-1.143567,0.415657,0.000000,0.000000,0.000000,0.390045,-0.839644,0.758991,0.389234,0.000000,0.000000,0.000000,0.000000
11.0167,-0.129867,0.159845,-1.147261,0.398334,0.000000,0.000000,0.000000,0.375612,-0.840997,0.756133,0.386727,0.000000,0.000000,0.000000,0.000000
11.0500,-0.095565,0.193929,-1.150606,0.381331,0.000000,0.000000,0.000000,0.359775,-0.842445,0.752730,0.385025,0.000000,0.000000,0.000000,0.000000
11.0667,-0.062701,0.225577,-1.153452,0.364902,0.000000,0.000000,0.000000,0.342407,-0.843822,0.748778,0.383829,0.000000,0.000000,0.000000,0.000000
11.0833,-0.031736,0.254432,-1.155694,0.349235,0.000000,0.000000,0.000000,0.323461,-0.844949,0.744309,0.382834,0.000000,0.000000,0.000000,0.000000
11.1000,-0.003009,0.280297,-1.157277,0.334451,0.000000,0.000000,0.000000,0.302986,-0.845650,0.739396,0.381757,0.000000,0.000000,0.000000,0.000000
11.1167,0.023259,0.303108,-1.158193,0.320611,0.000000,0.000000,0.000000,0.281139,-0.845759,0.734149,0.380350,0.000000,0.000000,0.000000,0.000000
11.1333,0.046953,0.322908,-1.158471,0.307720,0.000000,0.000000,0.000000,0.258174,-0.845120,0.728718,0.378411,0.000000,0.000000,0.000000,0.000000
11.1500,0.068049,0.339818,-1.158174,0.295749,0.000000,0.000000,0.000000,0.234413,-0.843582,0.723276,0.375798,0.000000,0.000000,0.000000,0.000000
11.1667,0.086596,0.354013,-1.157383,0.284647,0.000000,0.000000,0.000000,0.210208,-0.841002,0.718011,0.372426,0.000000,0.000000,0.000000,0.000000
11.1833,0.102698,0.365709,-1.156193,0.274357,0.000000,0.000000,0.000000,0.185909,-0.837243,0.713111,0.368265,0.000000,0.000000,0.000000,0.000000
11.2000,0.116499,0.375146,-1.154701,0.264828,0.000000,0.000000,0.000000,0.161842,-0.832191,0.708754,0.363334,0.000000,0.000000,0.000000,0.000000
11.2167,0.128171,0.382585,-1.152998,0.256013,0.000000,0.000000,0.000000,0.138293,-0.825775,0.705089,0.357688,0.000000,0.000000,0.000000,0.000000
11.2333,0.137901,0.388288,-1.151167,0.247875,0.000000,0.000000,0.000000,0.115500,-0.817986,0.702229,0.351412,0.000000,0.000000,0.000000,0.000000
11.2500,0.145883,0.392519,-1.149277,0.240379,0.000000,0.000000,0.000000,0.093654,-0.808905,0.700238,0.344612,0.000000,0.000000,0.000000,0.000000
11.2667,0.152304,0.395526,-1.147378,0.233495,0.000000,0.000000,0.000000,0.072888,-0.798705,0.699124,0.337400,0.000000,0.000000,0.000000,0.000000
11.2833,0.157342,0.397534,-1.145507,0.227200,0.000000,0.000000,0.000000,0.053280,-0.787650,0.698842,0.329880,0.000000,0.000000,0.000000,0.000000
11.3000,0.161156,0.398739,-1.143683,0.221475,0.000000,0.000000,0.000000,0.034844,-0.776073,0.699292,0.322139,0.000000,0.000000,0.000000,0.000000
11.3167,0.163879,0.399303,-1.141912,0.216312,0.000000,0.000000,0.000000,0.017532,-0.764355,0.700328,0.314226,0.000000,0.000000,0.000000,0.000000
11.3333,0.165622,0.399353,-1.140191,0.211709,0.000000,0.000000,0.000000,0.001240,-0.752906,0.701769,0.306153,0.000000,0.000000,0.000000,0.000000
11.3500,0.166462,0.398978,-1.138503,0.207678,0.000000,0.000000,0.000000,-0.014186,-0.742138,0.703408,0.297897,0.000000,0.000000,0.000000,0.000000
11.3667,0.166447,0.398230,-1.136828,0.204238,0.000000,0.000000,0.000000,-0.028941,-0.732448,0.705023,0.289415,0.000000,0.000000,0.000000,0.000000
11.3833,0.165598,0.397126,-1.135134,0.201423,0.000000,0.000000,0.000000,-0.043251,-0.724193,0.706393,0.280660,0.000000,0.000000,0.000000,0.000000
11.4000,0.163902,0.395652,-1.133388,0.199275,0.000000,0.000000,0.000000,-0.057365,-0.717669,0.707308,0.271594,0.000000,0.000000,0.000000,0.000000
11.4167,0.161321,0.393765,-1.131551,0.197853,0.000000,0.000000,0.000000,-0.071540,-0.713090,0.707581,0.262190,0.000000,0.000000,0.000000,0.000000
11.4333,0.157791,0.391398,-1.129580,0.197224,0.000000,0.000000,0.000000,-0.086034,-0.710569,0.707059,0.252435,0.000000,0.000000,0.000000,0.000000
11.4500,0.153227,0.388465,-1.127428,0.197465,0.000000,0.000000,0.000000,-0.101095,-0.710115,0.705629,0.242326,0.000000,0.000000,0.000000,0.000000
11.4667,0.147525,0.384867,-1.125048,0.198659,0.000000,0.000000,0.000000,-0.116950,-0.711629,0.703218,0.231877,0.000000,0.000000,0.000000,0.000000
11.4833,0.140574,0.380495,-1.122391,0.200889,0.000000,0.000000,0.000000,-0.133786,-0.714922,0.699803,0.221111,0.000000,0.000000,0.000000,0.000000
11.5000,0.132257,0.375244,-1.119411,0.204237,0.000000,0.000000,0.000000,-0.151731,-0.719732,0.695407,0.210063,0.000000,0.000000,0.000000,0.000000
11.5167,0.122461,0.369017,-1.116060,0.208769,0.000000,0.000000,0.000000,-0.170830,-0.725748,0.690107,0.198781,0.000000,0.000000,0.000000,0.000000
11.5333,0.111088,0.361741,-1.112298,0.214533,0.000000,0.000000,0.000000,-0.191026,-0.732632,0.684029,0.187335,0.000000,0.000000,0.000000,0.000000
11.5500,0.098063,0.353371,-1.108089,0.221546,0.000000,0.000000,0.000000,-0.212157,-0.740054,0.677339,0.175809,0.000000,0.000000,0.000000,0.000000
11.5667,0.083343,0.343899,-1.103407,0.229788,0.000000,0.000000,0.000000,-0.233943,-0.747723,0.670236,0.164305,0.000000,0.000000,0.000000,0.000000
11.5833,0.066933,0.333362,-1.098242,0.239204,0.000000,0.000000,0.000000,-0.255999,-0.755414,0.662936,0.152923,0.000000,0.000000,0.000000,0.000000
11.6000,0.048888,0.321836,-1.092600,0.249705,0.000000,0.000000,0.000000,-0.277862,-0.762983,0.655654,0.141753,0.000000,0.000000,0.000000,0.000000
11.6167,0.029316,0.309441,-1.086509,0.261172,0.000000,0.000000,0.000000,-0.299035,-0.770342,0.648597,0.130861,0.000000,0.000000,0.000000,0.000000
11.6333,0.008376,0.296333,-1.080010,0.273466,0.000000,0.000000,0.000000,-0.319039,-0.777447,0.641955,0.120263,0.000000,0.000000,0.000000,0.000000
11.6500,-0.013737,0.282697,-1.073155,0.286427,0.000000,0.000000,0.000000,-0.337446,-0.784275,0.635890,0.109917,0.000000,0.000000,0.000000,0.000000
11.6667,-0.036800,0.268737,-1.066002,0.299883,0.000000,0.000000,0.000000,-0.353903,-0.790823,0.630531,0.099723,0.000000,0.000000,0.000000,0.000000
11.6833,-0.060578,0.254671,-1.058609,0.313646,0.000000,0.000000,0.000000,-0.368145,-0.797110,0.625969,0.089542,0.000000,0.000000,0.000000,0.000000
11.7000,-0.084821,0.240718,-1.051037,0.327499,0.000000,0.000000,0.000000,-0.380001,-0.803173,0.622256,0.079228,0.000000,0.000000,0.000000,0.000000
11.7167,-0.109260,0.227096,-1.043353,0.341192,0.000000,0.000000,0.000000,-0.389395,-0.809054,0.619406,0.068654,0.000000,0.000000,0.000000,0.000000
11.7333,-0.133612,0.214014,-1.035634,0.354433,0.000000,0.000000,0.000000,-0.396351,-0.814795,0.617401,0.057746,0.000000,0.000000,0.000000,0.000000
11.7500,-0.157586,0.201670,-1.027963,0.366897,0.000000,0.000000,0.000000,-0.400990,-0.820406,0.616201,0.046507,0.000000,0.000000,0.000000,0.000000
11.7667,-0.180896,0.190253,-1.020426,0.378248,0.000000,0.000000,0.000000,-0.403528,-0.825853,0.615748,0.035035,0.000000,0.000000,0.000000,0.000000
11.7833,-0.203294,0.179938,-1.013097,0.388169,0.000000,0.000000,0.000000,-0.404263,-0.831045,0.615978,0.023516,0.000000,0.000000,0.000000,0.000000
11.8000,-0.224588,0.170874,-1.006034,0.396393,0.000000,0.000000,0.000000,-0.403543,-0.835838,0.616832,0.012209,0.000000,0.000000,0.000000,0.000000
11.8167,-0.244673,0.163179,-0.999269,0.402732,0.000000,0.000000,0.000000,-0.401742,-0.840049,0.618260,0.001418,0.000000,0.000000,0.000000,0.000000
11.8333,-0.263531,0.156915,-0.992806,0.407084,0.000000,0.000000,0.000000,-0.399229,-0.843468,0.620225,-0.008524,0.000000,0.000000,0.000000,0.000000
11.8500,-0.281228,0.152088,-0.986630,0.409430,0.000000,0.000000,0.000000,-0.396348,-0.845876,0.622705,-0.017276,0.000000,0.000000,0.000000,0.000000
11.8667,-0.297904,0.148639,-0.980711,0.409826,0.000000,0.000000,0.000000,-0.393388,-0.847076,0.625689,-0.024488,0.000000,0.000000,0.000000,0.000000
11.8833,-0.313752,0.146464,-0.975005,0.408380,0.000000,0.000000,0.000000,-0.390564,-0.846920,0.629176,-0.029809,0.000000,0.000000,0.000000,0.000000
11.9000,-0.329003,0.145424,-0.969461,0.405242,0.000000,0.000000,0.000000,-0.387997,-0.845327,0.633165,-0.032887,0.000000,0.000000,0.000000,0.000000
11.9167,-0.343906,0.145361,-0.964024,0.400589,0.000000,0.000000,0.000000,-0.385715,-0.842292,0.637656,-0.033370,0.000000,0.000000,0.000000,0.000000
11.9333,-0.358711,0.146114,-0.958637,0.394620,0.000000,0.000000,0.000000,-0.383665,-0.837883,0.642640,-0.030921,0.000000,0.000000,0.000000,0.000000
11.9500,-0.373655,0.147529,-0.953247,0.387556,0.000000,0.000000,0.000000,-0.381716,-0.832245,0.648103,-0.025245,0.000000,0.000000,0.000000,0.000000
11.9667,-0.388944,0.149466,-0.947804,0.379635,0.000000,0.000000,0.000000,-0.379667,-0.825602,0.654011,-0.016115,0.000000,0.000000,0.000000,0.000000
11.9833,-0.404737,0.151803,-0.942273,0.371115,0.000000,0.000000,0.000000,-0.377255,-0.818270,0.660308,-0.003408,0.000000,0.000000,0.000000,0.000000
12.0000,-0.421136,0.154442,-0.936631,0.362265,0.000000,0.000000,0.000000,-0.374170,-0.810653,0.666909,0.012882,0.000000,0.000000,0.000000,0.000000
12.0167,-0.438169,0.157305,-0.930878,0.353361,0.000000,0.000000,0.000000,-0.370075,-0.803244,0.673690,0.032619,0.000000,0.000000,0.000000,0.000000
12.0333,-0.455788,0.160320,-0.925040,0.344677,0.000000,0.000000,0.000000,-0.364632,-0.796620,0.680485,0.055501,0.000000,0.000000,0.000000,0.000000
12.0500,-0.473875,0.163410,-0.919172,0.336479,0.000000,0.000000,0.000000,-0.357522,-0.791429,0.687082,0.081039,0.000000,0.000000,0.000000,0.000000
12.1167,-0.492248,0.166474,-0.913360,0.329006,0.000000,0.000000,0.000000,-0.348476,-0.788357,0.693227,0.108552,0.000000,0.000000,0.000000,0.000000
12.1333,-0.510692,0.169393,-0.907706,0.322476,0.000000,0.000000,0.000000,-0.337331,-0.788006,0.698664,0.137239,0.000000,0.000000,0.000000,0.000000
12.1500,-0.528984,0.172025,-0.902322,0.317072,0.000000,0.000000,0.000000,-0.324109,-0.790731,0.703176,0.166301,0.000000,0.000000,0.000000,0.000000
12.2333,-0.546916,0.174217,-0.897312,0.312937,0.000000,0.000000,0.000000,-0.309046,-0.796525,0.706629,0.195009,0.000000,0.000000,0.000000,0.000000
12.2500,-0.564316,0.175810,-0.892764,0.310175,0.000000,0.000000,0.000000,-0.292553,-0.805057,0.708975,0.222729,0.000000,0.000000,0.000000,0.000000
12.2667,-0.581063,0.176634,-0.888749,0.308850,0.000000,0.000000,0.000000,-0.275109,-0.815799,0.710235,0.248946,0.000000,0.000000,0.000000,0.000000
12.2833,-0.597088,0.176508,-0.885322,0.308999,0.000000,0.000000,0.000000,-0.257177,-0.828150,0.710485,0.273277,0.000000,0.000000,0.000000,0.000000
12.3000,-0.612372,0.175234,-0.882529,0.310635,0.000000,0.000000,0.000000,-0.239159,-0.841504,0.709835,0.295459,0.000000,0.000000,0.000000,0.000000
12.3167,-0.626940,0.172597,-0.880408,0.313751,0.000000,0.000000,0.000000,-0.221367,-0.855293,0.708424,0.315332,0.000000,0.000000,0.000000,0.000000
12.3333,-0.640843,0.168381,-0.878991,0.318318,0.000000,0.000000,0.000000,-0.204005,-0.869025,0.706410,0.332822,0.000000,0.000000,0.000000,0.000000
12.3500,-0.654140,0.162390,-0.878308,0.324280,0.000000,0.000000,0.000000,-0.187163,-0.882292,0.703966,0.347932,0.000000,0.000000,0.000000,0.000000
12.3667,-0.666880,0.154469,-0.878380,0.331543,0.000000,0.000000,0.000000,-0.170818,-0.894768,0.701273,0.360730,0.000000,0.000000,0.000000,0.000000
12.3833,-0.679092,0.144532,-0.879217,0.339968,0.000000,0.000000,0.000000,-0.154857,-0.906189,0.698523,0.371329,0.000000,0.000000,0.000000,0.000000
12.4000,-0.690766,0.132591,-0.880813,0.349353,0.000000,0.000000,0.000000,-0.139095,-0.916342,0.695907,0.379882,0.000000,0.000000,0.000000,0.000000
12.4167,-0.701855,0.118761,-0.883146,0.359439,0.000000,0.000000,0.000000,-0.123302,-0.925051,0.693617,0.386570,0.000000,0.000000,0.000000,0.000000
12.4333,-0.712294,0.103249,-0.886173,0.369947,0.000000,0.000000,0.000000,-0.107218,-0.932180,0.691834,0.391601,0.000000,0.000000,0.000000,0.000000
12.4500,-0.722022,0.086309,-0.889835,0.380644,0.000000,0.000000,0.000000,-0.090567,-0.937636,0.690727,0.395206,0.000000,0.000000,0.000000,0.000000
12.4667,-0.731000,0.068208,-0.894063,0.391385,0.000000,0.000000,0.000000,-0.073077,-0.941377,0.690447,0.397652,0.000000,0.000000,0.000000,0.000000
12.4833,-0.739210,0.049222,-0.898777,0.402109,0.000000,0.000000,0.000000,-0.054499,-0.943415,0.691115,0.399238,0.000000,0.000000,0.000000,0.000000
12.5000,-0.746636,0.029634,-0.903889,0.412807,0.000000,0.000000,0.000000,-0.034631,-0.943815,0.692820,0.400291,0.000000,0.000000,0.000000,0.000000
12.5167,-0.753253,0.009735,-0.909309,0.423491,0.000000,0.000000,0.000000,-0.013328,-0.942685,0.695611,0.401155,0.000000,0.000000,0.000000,0.000000
12.5333,-0.759008,-0.010186,-0.914956,0.434163,0.000000,0.000000,0.000000,0.009481,-0.940178,0.699495,0.402157,0.000000,0.000000,0.000000,0.000000
12.5500,-0.763805,-0.029855,-0.920768,0.444789,0.000000,0.000000,0.000000,0.033791,-0.936468,0.704433,0.403587,0.000000,0.000000,0.000000,0.000000
12.5667,-0.767505,-0.049031,-0.926712,0.455295,0.000000,0.000000,0.000000,0.059500,-0.931739,0.710345,0.405659,0.000000,0.000000,0.000000,0.000000
12.5833,-0.769919,-0.067528,-0.932800,0.465578,0.000000,0.000000,0.000000,0.086403,-0.926160,0.717111,0.408497,0.000000,0.000000,0.000000,0.000000
12.6000,-0.770814,-0.085227,-0.939092,0.475520,0.000000,0.000000,0.000000,0.114190,-0.919869,0.724582,0.412113,0.000000,0.000000,0.000000,0.000000
12.6167,-0.769934,-0.102088,-0.945687,0.485010,0.000000,0.000000,0.000000,0.142464,-0.912971,0.732589,0.416409,0.000000,0.000000,0.000000,0.000000
12.6333,-0.767010,-0.118143,-0.952724,0.493960,0.000000,0.000000,0.000000,0.170762,-0.905536,0.740951,0.421194,0.000000,0.000000,0.000000,0.000000
12.6500,-0.761796,-0.133485,-0.960351,0.502306,0.000000,0.000000,0.000000,0.198585,-0.897604,0.749489,0.426221,0.000000,0.000000,0.000000,0.000000
12.6667,-0.754092,-0.148237,-0.968716,0.510006,0.000000,0.000000,0.000000,0.225429,-0.889192,0.758031,0.431220,0.000000,0.000000,0.000000,0.000000
12.6833,-0.743769,-0.162519,-0.977934,0.517028,0.000000,0.000000,0.000000,0.250817,-0.880310,0.766419,0.435931,0.000000,0.000000,0.000000,0.000000
12.7000,-0.730795,-0.176408,-0.988066,0.523347,0.000000,0.000000,0.000000,0.274333,-0.870984,0.774517,0.440122,0.000000,0.000000,0.000000,0.000000
12.7167,-0.715254,-0.189912,-0.999103,0.528940,0.000000,0.000000,0.000000,0.295651,-0.861270,0.782207,0.443608,0.000000,0.000000,0.000000,0.000000
12.7333,-0.697371,-0.202961,-1.010947,0.533808,0.000000,0.000000,0.000000,0.314536,-0.851260,0.789396,0.446255,0.000000,0.000000,0.000000,0.000000
12.7500,-0.677513,-0.215408,-1.023411,0.537973,0.000000,0.000000,0.000000,0.330852,-0.841085,0.796013,0.447977,0.000000,0.000000,0.000000,0.000000
12.7667,-0.656179,-0.227051,-1.036225,0.541482,0.000000,0.000000,0.000000,0.344565,-0.830902,0.802009,0.448725,0.000000,0.000000,0.000000,0.000000
12.7833,-0.633956,-0.237670,-1.049067,0.544402,0.000000,0.000000,0.000000,0.355733,-0.820896,0.807359,0.448461,0.000000,0.000000,0.000000,0.000000
12.8000,-0.611470,-0.247060,-1.061596,0.546808,0.000000,0.000000,0.000000,0.364493,-0.811262,0.812056,0.447154,0.000000,0.000000,0.000000,0.000000
12.8167,-0.589325,-0.255057,-1.073490,0.548777,0.000000,0.000000,0.000000,0.371030,-0.802188,0.816113,0.444774,0.000000,0.000000,0.000000,0.000000
12.8333,-0.568053,-0.261538,-1.084473,0.550385,0.000000,0.000000,0.000000,0.375553,-0.793850,0.819549,0.441296,0.000000,0.000000,0.000000,0.000000
12.8500,-0.548070,-0.266427,-1.094337,0.551698,0.000000,0.000000,0.000000,0.378268,-0.786392,0.822393,0.436705,0.000000,0.000000,0.000000,0.000000
12.8667,-0.529650,-0.269677,-1.102959,0.552770,0.000000,0.000000,0.000000,0.379366,-0.779932,0.824674,0.431008,0.000000,0.000000,0.000000,0.000000
12.8833,-0.512911,-0.271262,-1.110297,0.553645,0.000000,0.000000,0.000000,0.379009,-0.774556,0.826418,0.424232,0.000000,0.000000,0.000000,0.000000
12.9000,-0.497828,-0.271158,-1.116384,0.554350,0.000000,0.000000,0.000000,0.377327,-0.770320,0.827648,0.416440,0.000000,0.000000,0.000000,0.000000
12.9167,-0.484245,-0.269334,-1.121316,0.554905,0.000000,0.000000,0.000000,0.374410,-0.767249,0.828380,0.407733,0.000000,0.000000,0.000000,0.000000
12.9333,-0.471905,-0.265741,-1.125237,0.555313,0.000000,0.000000,0.000000,0.370308,-0.765337,0.828622,0.398250,0.000000,0.000000,0.000000,0.000000
12.9500,-0.460466,-0.260310,-1.128323,0.555571,0.000000,0.000000,0.000000,0.365032,-0.764548,0.828373,0.388172,0.000000,0.000000,0.000000,0.000000
12.9667,-0.449526,-0.252935,-1.130769,0.555658,0.000000,0.000000,0.000000,0.358556,-0.764808,0.827627,0.377711,0.000000,0.000000,0.000000,0.000000
12.9833,-0.438644,-0.243481,-1.132771,0.555549,0.000000,0.000000,0.000000,0.350826,-0.766007,0.826374,0.367103,0.000000,0.000000,0.000000,0.000000
13.0000,-0.427362,-0.231792,-1.134518,0.555203,0.000000,0.000000,0.000000,0.341775,-0.767995,0.824606,0.356599,0.000000,0.000000,0.000000,0.000000
13.0167,-0.415231,-0.217702,-1.136181,0.554573,0.000000,0.000000,0.000000,0.331328,-0.770576,0.822324,0.346460,0.000000,0.000000,0.000000,0.000000
13.0333,-0.401830,-0.201064,-1.137902,0.553602,0.000000,0.000000,0.000000,0.319421,-0.773516,0.819541,0.336941,0.000000,0.000000,0.000000,0.000000
13.0500,-0.386801,-0.181771,-1.139789,0.552227,0.000000,0.000000,0.000000,0.306006,-0.776544,0.816285,0.328275,0.000000,0.000000,0.000000,0.000000
13.0667,-0.369862,-0.159787,-1.141904,0.550380,0.000000,0.000000,0.000000,0.291055,-0.779366,0.812600,0.320646,0.000000,0.000000,0.000000,0.000000
13.0833,-0.350834,-0.135169,-1.144270,0.547991,0.000000,0.000000,0.000000,0.274582,-0.781691,0.808548,0.314163,0.000000,0.000000,0.000000,0.000000
13.1000,-0.329647,-0.108089,-1.146863,0.544989,0.000000,0.000000,0.000000,0.256648,-0.783254,0.804208,0.308842,0.000000,0.000000,0.000000,0.000000
13.1167,-0.306344,-0.078847,-1.149626,0.541302,0.000000,0.000000,0.000000,0.237382,-0.783836,0.799674,0.304614,0.000000,0.000000,0.000000,0.000000
13.1333,-0.281089,-0.047870,-1.152463,0.536864,0.000000,0.000000,0.000000,0.216966,-0.783267,0.795052,0.301340,0.000000,0.000000,0.000000,0.000000
13.1500,-0.254165,-0.015691,-1.155250,0.531620,0.000000,0.000000,0.000000,0.195622,-0.781433,0.790454,0.298842,0.000000,0.000000,0.000000,0.000000
13.1667,-0.225959,0.017080,-1.157838,0.525527,0.000000,0.000000,0.000000,0.173593,-0.778281,0.785985,0.296934,0.000000,0.000000,0.000000,0.000000
13.1833,-0.196936,0.049795,-1.160068,0.518562,0.000000,0.000000,0.000000,0.151139,-0.773833,0.781739,0.295436,0.000000,0.000000,0.000000,0.000000
13.2000,-0.167607,0.081824,-1.161788,0.510728,0.000000,0.000000,0.000000,0.128532,-0.768203,0.777785,0.294179,0.000000,0.000000,0.000000,0.000000
13.2167,-0.138488,0.112601,-1.162871,0.502065,0.000000,0.000000,0.000000,0.106055,-0.761598,0.774167,0.292998,0.000000,0.000000,0.000000,0.000000
13.2333,-0.110074,0.141653,-1.163230,0.492658,0.000000,0.000000,0.000000,0.083986,-0.754315,0.770893,0.291718,0.000000,0.000000,0.000000,0.000000
13.2500,-0.082810,0.168605,-1.162821,0.482644,0.000000,0.000000,0.000000,0.062578,-0.746710,0.767943,0.290151,0.000000,0.000000,0.000000,0.000000
13.2667,-0.057080,0.193188,-1.161643,0.472195,0.000000,0.000000,0.000000,0.042029,-0.739177,0.765260,0.288096,0.000000,0.000000,0.000000,0.000000
13.2833,-0.033191,0.215230,-1.159735,0.461504,0.000000,0.000000,0.000000,0.022458,-0.732110,0.762755,0.285352,0.000000,0.000000,0.000000,0.000000
13.3000,-0.011358,0.234655,-1.157164,0.450752,0.000000,0.000000,0.000000,0.003884,-0.725880,0.760313,0.281716,0.000000,0.000000,0.000000,0.000000
13.3167,0.008296,0.251481,-1.154019,0.440087,0.000000,0.000000,0.000000,-0.013780,-0.720812,0.757795,0.277002,0.000000,0.000000,0.000000,0.000000
13.3333,0.025744,0.265811,-1.150406,0.429611,0.000000,0.000000,0.000000,-0.030715,-0.717163,0.755052,0.271036,0.000000,0.000000,0.000000,0.000000
13.3500,0.041041,0.277823,-1.146436,0.419377,0.000000,0.000000,0.000000,-0.047174,-0.715123,0.751934,0.263671,0.000000,0.000000,0.000000,0.000000
13.3667,0.054304,0.287750,-1.142221,0.409399,0.000000,0.000000,0.000000,-0.063451,-0.714809,0.748301,0.254788,0.000000,0.000000,0.000000,0.000000
13.3833,0.065689,0.295856,-1.137865,0.399675,0.000000,0.000000,0.000000,-0.079849,-0.716260,0.744033,0.244313,0.000000,0.000000,0.000000,0.000000
13.4000,0.075369,0.302411,-1.133461,0.390205,0.000000,0.000000,0.000000,-0.096656,-0.719435,0.739045,0.232221,0.000000,0.000000,0.000000,0.000000
13.4167,0.083512,0.307670,-1.129091,0.380997,0.000000,0.000000,0.000000,-0.114104,-0.724218,0.733291,0.218551,0.000000,0.000000,0.000000,0.000000
13.4333,0.090274,0.311859,-1.124816,0.372077,0.000000,0.000000,0.000000,-0.132335,-0.730433,0.726780,0.203419,0.000000,0.000000,0.000000,0.000000
13.4500,0.095781,0.315170,-1.120683,0.363481,0.000000,0.000000,0.000000,-0.151373,-0.737876,0.719570,0.187018,0.000000,0.000000,0.000000,0.000000
13.4667,0.100127,0.317750,-1.116715,0.355260,0.000000,0.000000,0.000000,-0.171104,-0.746336,0.711768,0.169617,0.000000,0.000000,0.000000,0.000000
13.4833,0.103365,0.319712,-1.112916,0.347465,0.000000,0.000000,0.000000,-0.191280,-0.755627,0.703521,0.151541,0.000000,0.000000,0.000000,0.000000
13.5000,0.105504,0.321124,-1.109271,0.340157,0.000000,0.000000,0.000000,-0.211546,-0.765596,0.694997,0.133153,0.000000,0.000000,0.000000,0.000000
13.5167,0.106512,0.322018,-1.105746,0.333400,0.000000,0.000000,0.000000,-0.231481,-0.776129,0.686372,0.114821,0.000000,0.000000,0.000000,0.000000
13.5333,0.106314,0.322387,-1.102294,0.327260,0.000000,0.000000,0.000000,-0.250635,-0.787155,0.677815,0.096894,0.000000,0.000000,0.000000,0.000000
13.5500,0.104805,0.322195,-1.098856,0.321810,0.000000,0.000000,0.000000,-0.268568,-0.798643,0.669469,0.079673,0.000000,0.000000,0.000000,0.000000
13.5667,0.101858,0.321383,-1.095366,0.317130,0.000000,0.000000,0.000000,-0.284873,-0.810596,0.661452,0.063402,0.000000,0.000000,0.000000,0.000000
13.5833,0.097334,0.319872,-1.091759,0.313308,0.000000,0.000000,0.000000,-0.299212,-0.823033,0.653848,0.048277,0.000000,0.000000,0.000000,0.000000
13.6000,0.091096,0.317575,-1.087971,0.310442,0.000000,0.000000,0.000000,-0.311349,-0.835959,0.646710,0.034465,0.000000,0.000000,0.000000,0.000000
13.6167,0.083020,0.314401,-1.083947,0.308635,0.000000,0.000000,0.000000,-0.321171,-0.849343,0.640061,0.022134,0.000000,0.000000,0.000000,0.000000
13.6333,0.073008,0.310266,-1.079640,0.307980,0.000000,0.000000,0.000000,-0.328702,-0.863096,0.633901,0.011463,0.000000,0.000000,0.000000,0.000000
13.6500,0.061000,0.305099,-1.075020,0.308553,0.000000,0.000000,0.000000,-0.334079,-0.877080,0.628210,0.002633,0.000000,0.000000,0.000000,0.000000
13.6667,0.046980,0.298851,-1.070072,0.310399,0.000000,0.000000,0.000000,-0.337512,-0.891125,0.622959,-0.004198,0.000000,0.000000,0.000000,0.000000
13.6833,0.030983,0.291501,-1.064795,0.313523,0.000000,0.000000,0.000000,-0.339231,-0.905056,0.618115,-0.008919,0.000000,0.000000,0.000000,0.000000
13.7000,0.013096,0.283063,-1.059206,0.317881,0.000000,0.000000,0.000000,-0.339438,-0.918722,0.613653,-0.011484,0.000000,0.000000,0.000000,0.000000
13.7167,-0.006547,0.273594,-1.053333,0.323378,0.000000,0.000000,0.000000,-0.338271,-0.932014,0.609554,-0.011897,0.000000,0.000000,0.000000,0.000000
13.7333,-0.027769,0.263200,-1.047209,0.329869,0.000000,0.000000,0.000000,-0.335778,-0.944891,0.605805,-0.010193,0.000000,0.000000,0.000000,0.000000
13.7500,-0.050355,0.252031,-1.040874,0.337165,0.000000,0.000000,0.000000,-0.331911,-0.957388,0.602395,-0.006404,0.000000,0.000000,0.000000,0.000000
13.7667,-0.074065,0.240285,-1.034368,0.345032,0.000000,0.000000,0.000000,-0.326542,-0.969599,0.599316,-0.000536,0.000000,0.000000,0.000000,0.000000
13.7833,-0.098634,0.228202,-1.027730,0.353206,0.000000,0.000000,0.000000,-0.319491,-0.981635,0.596567,0.007445,0.000000,0.000000,0.000000,0.000000
13.8000,-0.123787,0.216054,-1.020998,0.361389,0.000000,0.000000,0.000000,-0.310577,-0.993582,0.594151,0.017627,0.000000,0.000000,0.000000,0.000000
13.8167,-0.149241,0.204136,-1.014204,0.369271,0.000000,0.000000,0.000000,-0.299666,-1.005451,0.592083,0.030148,0.000000,0.000000,0.000000,0.000000
13.8333,-0.174724,0.192744,-1.007381,0.376540,0.000000,0.000000,0.000000,-0.286708,-1.017144,0.590386,0.045192,0.000000,0.000000,0.000000,0.000000
13.8500,-0.199982,0.182144,-1.000562,0.382904,0.000000,0.000000,0.000000,-0.271779,-1.028440,0.589085,0.062967,0.000000,0.000000,0.000000,0.000000
13.8667,-0.224797,0.172561,-0.993779,0.388106,0.000000,0.000000,0.000000,-0.255092,-1.039000,0.588204,0.083674,0.000000,0.000000,0.000000,0.000000
13.8833,-0.249007,0.164161,-0.987057,0.391937,0.000000,0.000000,0.000000,-0.237000,-1.048400,0.587753,0.107463,0.000000,0.000000,0.000000,0.000000
13.9000,-0.272511,0.157055,-0.980413,0.394236,0.000000,0.000000,0.000000,-0.217985,-1.056168,0.587717,0.134381,0.000000,0.000000,0.000000,0.000000
13.9167,-0.295279,0.151304,-0.973853,0.394893,0.000000,0.000000,0.000000,-0.198629,-1.061839,0.588045,0.164326,0.000000,0.000000,0.000000,0.000000
13.9333,-0.317350,0.146928,-0.967362,0.393849,0.000000,0.000000,0.000000,-0.179586,-1.064993,0.588649,0.197008,0.000000,0.000000,0.000000,0.000000
13.9500,-0.338827,0.143915,-0.960914,0.391100,0.000000,0.000000,0.000000,-0.161535,-1.065306,0.589409,0.231938,0.000000,0.000000,0.000000,0.000000
13.9667,-0.359861,0.142238,-0.954463,0.386699,0.000000,0.000000,0.000000,-0.145109,-1.062581,0.590181,0.268440,0.000000,0.000000,0.000000,0.000000
13.9833,-0.380630,0.141847,-0.947961,0.380769,0.000000,0.000000,0.000000,-0.130812,-1.056792,0.590827,0.305692,0.000000,0.000000,0.000000,0.000000
14.0000,-0.401303,0.142671,-0.941361,0.373500,0.000000,0.000000,0.000000,-0.118916,-1.048105,0.591233,0.342786,0.000000,0.000000,0.000000,0.000000
14.0167,-0.422020,0.144604,-0.934638,0.365158,0.000000,0.000000,0.000000,-0.109368,-1.036895,0.591347,0.378801,0.000000,0.000000,0.000000,0.000000
14.0500,-0.442868,0.147496,-0.927794,0.356083,0.000000,0.000000,0.000000,-0.101750,-1.023722,0.591190,0.412874,0.000000,0.000000,0.000000,0.000000
14.0667,-0.463869,0.151156,-0.920861,0.346663,0.000000,0.000000,0.000000,-0.095325,-1.009255,0.590861,0.444279,0.000000,0.000000,0.000000,0.000000
14.0833,-0.484977,0.155362,-0.913907,0.337311,0.000000,0.000000,0.000000,-0.089163,-0.994171,0.590519,0.472479,0.000000,0.000000,0.000000,0.000000
14.1000,-0.506086,0.159863,-0.907029,0.328422,0.000000,0.000000,0.000000,-0.082247,-0.979075,0.590366,0.497135,0.000000,0.000000,0.000000,0.000000
14.1167,-0.527039,0.164394,-0.900350,0.320343,0.000000,0.000000,0.000000,-0.073551,-0.964467,0.590632,0.518100,0.000000,0.000000,0.000000,0.000000
14.1333,-0.547642,0.168681,-0.894014,0.313347,0.000000,0.000000,0.000000,-0.062105,-0.950730,0.591557,0.535389,0.000000,0.000000,0.000000,0.000000
14.1500,-0.567678,0.172446,-0.888173,0.307621,0.000000,0.000000,0.000000,-0.047051,-0.938120,0.593376,0.549161,0.000000,0.000000,0.000000,0.000000
14.1667,-0.586916,0.175413,-0.882991,0.303267,0.000000,0.000000,0.000000,-0.027702,-0.926768,0.596302,0.559689,0.000000,0.000000,0.000000,0.000000
14.1833,-0.605131,0.177308,-0.878631,0.300319,0.000000,0.000000,0.000000,-0.003596,-0.916690,0.600510,0.567339,0.000000,0.000000,0.000000,0.000000
14.2000,-0.622120,0.177865,-0.875253,0.298763,0.000000,0.000000,0.000000,0.025482,-0.907820,0.606121,0.572542,0.000000,0.000000,0.000000,0.000000
14.2167,-0.637713,0.176827,-0.873010,0.298561,0.000000,0.000000,0.000000,0.059469,-0.900034,0.613186,0.575781,0.000000,0.000000,0.000000,0.000000
14.2333,-0.651776,0.173954,-0.872047,0.299666,0.000000,0.000000,0.000000,0.097997,-0.893186,0.621671,0.577581,0.000000,0.000000,0.000000,0.000000
14.3000,-0.664205,0.169030,-0.872495,0.302028,0.000000,0.000000,0.000000,0.140377,-0.887130,0.631439,0.578488,0.000000,0.000000,0.000000,0.000000
14.3167,-0.674920,0.161876,-0.874474,0.305597,0.000000,0.000000,0.000000,0.185602,-0.881722,0.642257,0.578998,0.000000,0.000000,0.000000,0.000000
14.4167,-0.683846,0.152364,-0.878086,0.310325,0.000000,0.000000,0.000000,0.232395,-0.876794,0.653806,0.579465,0.000000,0.000000,0.000000,0.000000
14.4333,-0.690911,0.140437,-0.883409,0.316180,0.000000,0.000000,0.000000,0.279350,-0.872160,0.665729,0.580054,0.000000,0.000000,0.000000,0.000000
14.4500,-0.696042,0.126126,-0.890497,0.323141,0.000000,0.000000,0.000000,0.325120,-0.867643,0.677677,0.580795,0.000000,0.000000,0.000000,0.000000
14.4667,-0.699159,0.109551,-0.899367,0.331195,0.000000,0.000000,0.000000,0.368528,-0.863097,0.689335,0.581671,0.000000,0.000000,0.000000,0.000000
14.4833,-0.700168,0.090923,-0.910008,0.340330,0.000000,0.000000,0.000000,0.408581,-0.858412,0.700428,0.582656,0.000000,0.000000,0.000000,0.000000
14.5000,-0.698965,0.070533,-0.922376,0.350521,0.000000,0.000000,0.000000,0.444455,-0.853531,0.710711,0.583724,0.000000,0.000000,0.000000,0.000000
14.5167,-0.695436,0.048738,-0.936394,0.361721,0.000000,0.000000,0.000000,0.475505,-0.848449,0.719969,0.584842,0.000000,0.000000,0.000000,0.000000
14.5333,-0.689475,0.025944,-0.951955,0.373860,0.000000,0.000000,0.000000,0.501270,-0.843216,0.728029,0.585965,0.000000,0.000000,0.000000,0.000000
14.5500,-0.681006,0.002586,-0.968910,0.386847,0.000000,0.000000,0.000000,0.521499,-0.837916,0.734762,0.587035,0.000000,0.000000,0.000000,0.000000
14.5667,-0.670014,-0.020885,-0.987062,0.400566,0.000000,0.000000,0.000000,0.536143,-0.832643,0.740097,0.587977,0.000000,0.000000,0.000000,0.000000
14.5833,-0.656574,-0.044018,-1.006148,0.414868,0.000000,0.000000,0.000000,0.545327,-0.827494,0.744011,0.588715,0.000000,0.000000,0.000000,0.000000
14.6000,-0.640875,-0.066376,-1.025837,0.429559,0.000000,0.000000,0.000000,0.549289,-0.822565,0.746520,0.589166,0.000000,0.000000,0.000000,0.000000
14.6167,-0.623248,-0.087551,-1.045716,0.444382,0.000000,0.000000,0.000000,0.548350,-0.817956,0.747664,0.589247,0.000000,0.000000,0.000000,0.000000
14.6333,-0.604180,-0.107189,-1.065290,0.459031,0.000000,0.000000,0.000000,0.542886,-0.813766,0.747502,0.588868,0.000000,0.000000,0.000000,0.000000
14.6500,-0.584315,-0.125031,-1.084002,0.473186,0.000000,0.000000,0.000000,0.533329,-0.810080,0.746119,0.587933,0.000000,0.000000,0.000000,0.000000
14.6667,-0.564401,-0.140949,-1.101276,0.486569,0.000000,0.000000,0.000000,0.520161,-0.806969,0.743619,0.586341,0.000000,0.000000,0.000000,0.000000
14.6833,-0.545216,-0.154971,-1.116575,0.498977,0.000000,0.000000,0.000000,0.503892,-0.804485,0.740128,0.583992,0.000000,0.000000,0.000000,0.000000
14.7000,-0.527456,-0.167268,-1.129467,0.510280,0.000000,0.000000,0.000000,0.485053,-0.802664,0.735782,0.580796,0.000000,0.000000,0.000000,0.000000
14.7167,-0.511631,-0.178061,-1.139687,0.520397,0.000000,0.000000,0.000000,0.464171,-0.801527,0.730726,0.576678,0.000000,0.000000,0.000000,0.000000
14.7333,-0.497994,-0.187502,-1.147175,0.529285,0.000000,0.000000,0.000000,0.441749,-0.801081,0.725108,0.571590,0.000000,0.000000,0.000000,0.000000
14.7500,-0.486525,-0.195608,-1.152068,0.536930,0.000000,0.000000,0.000000,0.418255,-0.801311,0.719069,0.565512,0.000000,0.000000,0.000000,0.000000
14.7667,-0.476977,-0.202273,-1.154652,0.543336,0.000000,0.000000,0.000000,0.394091,-0.802175,0.712748,0.558468,0.000000,0.000000,0.000000,0.000000
14.7833,-0.468939,-0.207318,-1.155309,0.548527,0.000000,0.000000,0.000000,0.369590,-0.803596,0.706269,0.550511,0.000000,0.000000,0.000000,0.000000
14.8000,-0.461891,-0.210522,-1.154466,0.552536,0.000000,0.000000,0.000000,0.345011,-0.805458,0.699750,0.541718,0.000000,0.000000,0.000000,0.000000
14.8167,-0.455254,-0.211634,-1.152557,0.555394,0.000000,0.000000,0.000000,0.320552,-0.807608,0.693302,0.532171,0.000000,0.000000,0.000000,0.000000
14.8333,-0.448428,-0.210403,-1.150001,0.557132,0.000000,0.000000,0.000000,0.296382,-0.809867,0.687035,0.521940,0.000000,0.000000,0.000000,0.000000
14.8500,-0.440833,-0.206591,-1.147175,0.557773,0.000000,0.000000,0.000000,0.272655,-0.812049,0.681058,0.511074,0.000000,0.000000,0.000000,0.000000
14.8667,-0.431937,-0.199980,-1.144397,0.557331,0.000000,0.000000,0.000000,0.249523,-0.813966,0.675484,0.499587,0.000000,0.000000,0.000000,0.000000
14.8833,-0.421292,-0.190386,-1.141916,0.555811,0.000000,0.000000,0.000000,0.227123,-0.815430,0.670422,0.487475,0.000000,0.000000,0.000000,0.000000
14.9000,-0.408541,-0.177658,-1.139910,0.553209,0.000000,0.000000,0.000000,0.205553,-0.816255,0.665973,0.474733,0.000000,0.000000,0.000000,0.000000
14.9167,-0.393429,-0.161699,-1.138488,0.549515,0.000000,0.000000,0.000000,0.184842,-0.816254,0.662222,0.461380,0.000000,0.000000,0.000000,0.000000
14.9333,-0.375809,-0.142479,-1.137698,0.544713,0.000000,0.000000,0.000000,0.164934,-0.815251,0.659224,0.447463,0.000000,0.000000,0.000000,0.000000
14.9500,-0.355633,-0.120056,-1.137539,0.538788,0.000000,0.000000,0.000000,0.145678,-0.813106,0.656999,0.433051,0.000000,0.000000,0.000000,0.000000
14.9667,-0.332952,-0.094593,-1.137966,0.531732,0.000000,0.000000,0.000000,0.126850,-0.809738,0.655523,0.418227,0.000000,0.000000,0.000000,0.000000
14.9833,-0.307907,-0.066385,-1.138910,0.523551,0.000000,0.000000,0.000000,0.108173,-0.805144,0.654724,0.403060,0.000000,0.000000,0.000000,0.000000
15.0000,-0.280733,-0.035855,-1.140278,0.514281,0.000000,0.000000,0.000000,0.089349,-0.799418,0.654494,0.387588,0.000000,0.000000,0.000000,0.000000
15.0167,-0.251760,-0.003556,-1.141964,0.503995,0.000000,0.000000,0.000000,0.070091,-0.792757,0.654683,0.371801,0.000000,0.000000,0.000000,0.000000
15.0333,-0.221410,0.029858,-1.143845,0.492817,0.000000,0.000000,0.000000,0.050147,-0.785454,0.655116,0.355647,0.000000,0.000000,0.000000,0.000000
15.0500,-0.190179,0.063671,-1.145787,0.480920,0.000000,0.000000,0.000000,0.029309,-0.777869,0.655600,0.339046,0.000000,0.000000,0.000000,0.000000
15.0667,-0.158605,0.097163,-1.147652,0.468508,0.000000,0.000000,0.000000,0.007409,-0.770395,0.655940,0.321912,0.000000,0.000000,0.000000,0.000000
15.0833,-0.127237,0.129667,-1.149307,0.455804,0.000000,0.000000,0.000000,-0.015672,-0.763417,0.655946,0.304169,0.000000,0.000000,0.000000,0.000000
15.1000,-0.096604,0.160605,-1.150622,0.443020,0.000000,0.000000,0.000000,-0.040005,-0.757287,0.655449,0.285752,0.000000,0.000000,0.000000,0.000000
15.1167,-0.067195,0.189524,-1.151479,0.430340,0.000000,0.000000,0.000000,-0.065589,-0.752310,0.654312,0.266599,0.000000,0.000000,0.000000,0.000000
15.1333,-0.039439,0.216099,-1.151780,0.417906,0.000000,0.000000,0.000000,-0.092326,-0.748736,0.652437,0.246641,0.000000,0.000000,0.000000,0.000000
15.1500,-0.013689,0.240135,-1.151456,0.405819,0.000000,0.000000,0.000000,-0.119991,-0.746776,0.649784,0.225782,0.000000,0.000000,0.000000,0.000000
15.1667,0.009789,0.261549,-1.150473,0.394151,0.000000,0.000000,0.000000,-0.148205,-0.746612,0.646367,0.203908,0.000000,0.000000,0.000000,0.000000
15.1833,0.030819,0.280353,-1.148837,0.382956,0.000000,0.000000,0.000000,-0.176438,-0.748415,0.642255,0.180906,0.000000,0.000000,0.000000,0.000000
15.2000,0.049320,0.296632,-1.146589,0.372264,0.000000,0.000000,0.000000,-0.204037,-0.752344,0.637559,0.156701,0.000000,0.000000,0.000000,0.000000
15.2167,0.065298,0.310529,-1.143802,0.362090,0.000000,0.000000,0.000000,-0.230273,-0.758549,0.632420,0.131287,0.000000,0.000000,0.000000,0.000000
15.2333,0.078842,0.322228,-1.140576,0.352435,0.000000,0.000000,0.000000,-0.254397,-0.767152,0.626995,0.104756,0.000000,0.000000,0.000000,0.000000
15.2500,0.090102,0.331937,-1.137025,0.343300,0.000000,0.000000,0.000000,-0.275712,-0.778217,0.621449,0.077310,0.000000,0.000000,0.000000,0.000000
15.2667,0.099276,0.339873,-1.133273,0.334687,0.000000,0.000000,0.000000,-0.293643,-0.791723,0.615939,0.049269,0.000000,0.000000,0.000000,0.000000
15.2833,0.106589,0.346246,-1.129444,0.326609,0.000000,0.000000,0.000000,-0.307806,-0.807536,0.610606,0.021073,0.000000,0.000000,0.000000,0.000000
15.3000,0.112272,0.351249,-1.125655,0.319080,0.000000,0.000000,0.000000,-0.318049,-0.825399,0.605559,-0.006730,0.000000,0.000000,0.000000,0.000000
15.3167,0.116552,0.355044,-1.122012,0.312111,0.000000,0.000000,0.000000,-0.324477,-0.844923,0.600873,-0.033514,0.000000,0.000000,0.000000,0.000000
15.3333,0.119637,0.357767,-1.118602,0.305711,0.000000,0.000000,0.000000,-0.327433,-0.865605,0.596591,-0.058622,0.000000,0.000000,0.000000,0.000000
15.3500,0.121699,0.359526,-1.115488,0.299884,0.000000,0.000000,0.000000,-0.327457,-0.886852,0.592731,-0.081419,0.000000,0.000000,0.000000,0.000000
15.3667,0.122866,0.360402,-1.112706,0.294630,0.000000,0.000000,0.000000,-0.325234,-0.908018,0.589291,-0.101328,0.000000,0.000000,0.000000,0.000000
15.3833,0.123213,0.360451,-1.110267,0.289959,0.000000,0.000000,0.000000,-0.321527,-0.928454,0.586248,-0.117864,0.000000,0.000000,0.000000,0.000000
15.4000,0.122764,0.359703,-1.108155,0.285886,0.000000,0.000000,0.000000,-0.317107,-0.947556,0.583567,-0.130641,0.000000,0.000000,0.000000,0.000000
15.4167,0.121486,0.358158,-1.106333,0.282446,0.000000,0.000000,0.000000,-0.312671,-0.964826,0.581198,-0.139383,0.000000,0.000000,0.000000,0.000000
15.4333,0.119303,0.355795,-1.104744,0.279689,0.000000,0.000000,0.000000,-0.308787,-0.979903,0.579083,-0.143913,0.000000,0.000000,0.000000,0.000000
15.4500,0.116099,0.352571,-1.103314,0.277676,0.000000,0.000000,0.000000,-0.305838,-0.992584,0.577160,-0.144142,0.000000,0.000000,0.000000,0.000000
15.4667,0.111736,0.348430,-1.101961,0.276484,0.000000,0.000000,0.000000,-0.304004,-1.002822,0.575378,-0.140050,0.000000,0.000000,0.000000,0.000000
15.4833,0.106064,0.343306,-1.100593,0.276189,0.000000,0.000000,0.000000,-0.303257,-1.010695,0.573700,-0.131669,0.000000,0.000000,0.000000,0.000000
15.5000,0.098936,0.337132,-1.099119,0.276872,0.000000,0.000000,0.000000,-0.303386,-1.016383,0.572109,-0.119071,0.000000,0.000000,0.000000,0.000000
15.5167,0.090216,0.329843,-1.097447,0.278603,0.000000,0.000000,0.000000,-0.304017,-1.020144,0.570607,-0.102353,0.000000,0.000000,0.000000,0.000000
15.5333,0.079783,0.321386,-1.095489,0.281441,0.000000,0.000000,0.000000,-0.304645,-1.022303,0.569209,-0.081627,0.000000,0.000000,0.000000,0.000000
15.5500,0.067543,0.311731,-1.093160,0.285420,0.000000,0.000000,0.000000,-0.304677,-1.023224,0.567936,-0.057004,0.000000,0.000000,0.000000,0.000000
15.5667,0.053428,0.300878,-1.090379,0.290547,0.000000,0.000000,0.000000,-0.303483,-1.023277,0.566815,-0.028588,0.000000,0.000000,0.000000,0.000000
15.5833,0.037405,0.288874,-1.087072,0.296788,0.000000,0.000000,0.000000,-0.300458,-1.022801,0.565870,0.003518,0.000000,0.000000,0.000000,0.000000
15.6000,0.019481,0.275817,-1.083173,0.304059,0.000000,0.000000,0.000000,-0.295071,-1.022070,0.565129,0.039192,0.000000,0.000000,0.000000,0.000000
15.6167,-0.000296,0.261870,-1.078630,0.312221,0.000000,0.000000,0.000000,-0.286919,-1.021265,0.564615,0.078256,0.000000,0.000000,0.000000,0.000000
15.6333,-0.021839,0.247256,-1.073405,0.321086,0.000000,0.000000,0.000000,-0.275771,-1.020456,0.564352,0.120432,0.000000,0.000000,0.000000,0.000000
15.6500,-0.045021,0.232262,-1.067483,0.330420,0.000000,0.000000,0.000000,-0.261608,-1.019602,0.564353,0.165287,0.000000,0.000000,0.000000,0.000000
15.6667,-0.069683,0.217224,-1.060863,0.339949,0.000000,0.000000,0.000000,-0.244642,-1.018571,0.564616,0.212164,0.000000,0.000000,0.000000,0.000000
15.6833,-0.095638,0.202512,-1.053565,0.349364,0.000000,0.000000,0.000000,-0.225334,-1.017170,0.565115,0.260107,0.000000,0.000000,0.000000,0.000000
15.7833,-0.122687,0.188506,-1.045619,0.358335,0.000000,0.000000,0.000000,-0.204387,-1.015174,0.565798,0.307846,0.000000,0.000000,0.000000,0.000000
15.8000,-0.150624,0.175561,-1.037067,0.366534,0.000000,0.000000,0.000000,-0.182647,-1.012369,0.566599,0.353948,0.000000,0.000000,0.000000,0.000000
15.8167,-0.179256,0.163985,-1.027964,0.373655,0.000000,0.000000,0.000000,-0.160940,-1.008611,0.567459,0.397092,0.000000,0.000000,0.000000,0.000000
15.8333,-0.208417,0.154023,-1.018366,0.379447,0.000000,0.000000,0.000000,-0.139933,-1.003846,0.568344,0.436268,0.000000,0.000000,0.000000,0.000000
15.8500,-0.237985,0.145836,-1.008332,0.383732,0.000000,0.000000,0.000000,-0.120092,-0.998093,0.569254,0.470796,0.000000,0.000000,0.000000,0.000000
15.8667,-0.267891,0.139503,-0.997914,0.386416,0.000000,0.000000,0.000000,-0.101672,-0.991418,0.570224,0.500290,0.000000,0.000000,0.000000,0.000000
15.8833,-0.298115,0.135010,-0.987164,0.387485,0.000000,0.000000,0.000000,-0.084743,-0.983901,0.571326,0.524603,0.000000,0.000000,0.000000,0.000000
15.9000,-0.328674,0.132262,-0.976132,0.386996,0.000000,0.000000,0.000000,-0.069213,-0.975618,0.572660,0.543777,0.000000,0.000000,0.000000,0.000000
15.9167,-0.359602,0.131092,-0.964877,0.385063,0.000000,0.000000,0.000000,-0.054869,-0.966621,0.574356,0.558000,0.000000,0.000000,0.000000,0.000000
15.9333,-0.390925,0.131281,-0.953471,0.381843,0.000000,0.000000,0.000000,-0.041396,-0.956945,0.576563,0.567569,0.000000,0.000000,0.000000,0.000000
15.9500,-0.422630,0.132564,-0.942006,0.377533,0.000000,0.000000,0.000000,-0.028394,-0.946614,0.579450,0.572855,0.000000,0.000000,0.000000,0.000000
15.9667,-0.454649,0.134645,-0.930601,0.372366,0.000000,0.000000,0.000000,-0.015396,-0.935655,0.583196,0.574293,0.000000,0.000000,0.000000,0.000000
15.9833,-0.486848,0.137194,-0.919402,0.366617,0.000000,0.000000,0.000000,-0.001868,-0.924109,0.587985,0.572364,0.000000,0.000000,0.000000,0.000000
16.0000,-0.519025,0.139855,-0.908583,0.360593,0.000000,0.000000,0.000000,0.012768,-0.912051,0.593992,0.567600,0.000000,0.000000,0.000000,0.000000
16.0167,-0.550913,0.142266,-0.898340,0.354618,0.000000,0.000000,0.000000,0.029105,-0.899600,0.601369,0.560585,0.000000,0.000000,0.000000,0.000000
16.0333,-0.582191,0.144084,-0.888873,0.348996,0.000000,0.000000,0.000000,0.047705,-0.886935,0.610222,0.551972,0.000000,0.000000,0.000000,0.000000
16.0500,-0.612502,0.145013,-0.880374,0.343984,0.000000,0.000000,0.000000,0.069040,-0.874301,0.620588,0.542488,0.000000,0.000000,0.000000,0.000000
16.0667,-0.641487,0.144817,-0.873014,0.339783,0.000000,0.000000,0.000000,0.093447,-0.862021,0.632414,0.532943,0.000000,0.000000,0.000000,0.000000
16.1000,-0.668819,0.143323,-0.866922,0.336535,0.000000,0.000000,0.000000,0.121079,-0.850500,0.645537,0.524234,0.000000,0.000000,0.000000,0.000000
16.1667,-0.694232,0.140424,-0.862182,0.334329,0.000000,0.000000,0.000000,0.151857,-0.840196,0.659674,0.517287,0.000000,0.000000,0.000000,0.000000
16.1833,-0.717544,0.136068,-0.858827,0.333218,0.000000,0.000000,0.000000,0.185404,-0.831530,0.674430,0.512900,0.000000,0.000000,0.000000,0.000000
16.2000,-0.738655,0.130256,-0.856842,0.333225,0.000000,0.000000,0.000000,0.220992,-0.824740,0.689346,0.511517,0.000000,0.000000,0.000000,0.000000
16.3000,-0.757545,0.123031,-0.856171,0.334351,0.000000,0.000000,0.000000,0.257535,-0.819816,0.703937,0.513085,0.000000,0.000000,0.000000,0.000000
16.3167,-0.774260,0.114468,-0.856724,0.336575,0.000000,0.000000,0.000000,0.293744,-0.816545,0.717744,0.517117,0.000000,0.000000,0.000000,0.000000
16.3333,-0.788889,0.104667,-0.858388,0.339851,0.000000,0.000000,0.000000,0.328352,-0.814616,0.730381,0.522930,0.000000,0.000000,0.000000,0.000000
16.3500,-0.801547,0.093741,-0.861040,0.344113,0.000000,0.000000,0.000000,0.360279,-0.813699,0.741561,0.529839,0.000000,0.000000,0.000000,0.000000
16.3667,-0.812361,0.081807,-0.864558,0.349282,0.000000,0.000000,0.000000,0.388671,-0.813471,0.751093,0.537239,0.000000,0.000000,0.000000,0.000000
16.3833,-0.821452,0.068974,-0.868835,0.355279,0.000000,0.000000,0.000000,0.412889,-0.813629,0.758871,0.544617,0.000000,0.000000,0.000000,0.000000
16.4000,-0.828920,0.055344,-0.873781,0.362026,0.000000,0.000000,0.000000,0.432495,-0.813901,0.764862,0.551536,0.000000,0.000000,0.000000,0.000000
16.4167,-0.834833,0.041021,-0.879333,0.369449,0.000000,0.000000,0.000000,0.447239,-0.814053,0.769092,0.557626,0.000000,0.000000,0.000000,0.000000
16.4333,-0.839212,0.026104,-0.885451,0.377479,0.000000,0.000000,0.000000,0.457056,-0.813902,0.771644,0.562572,0.000000,0.000000,0.000000,0.000000
16.4500,-0.842030,0.010685,-0.892131,0.386048,0.000000,0.000000,0.000000,0.462053,-0.813330,0.772639,0.566103,0.000000,0.000000,0.000000,0.000000
16.4667,-0.843218,-0.005160,-0.899396,0.395096,0.000000,0.000000,0.000000,0.462490,-0.812292,0.772235,0.567989,0.000000,0.000000,0.000000,0.000000
16.4833,-0.842675,-0.021380,-0.907302,0.404580,0.000000,0.000000,0.000000,0.458746,-0.810821,0.770603,0.568038,0.000000,0.000000,0.000000,0.000000
16.5000,-0.840273,-0.037939,-0.915928,0.414465,0.000000,0.000000,0.000000,0.451284,-0.809016,0.767928,0.566098,0.000000,0.000000,0.000000,0.000000
16.5167,-0.835862,-0.054803,-0.925370,0.424718,0.000000,0.000000,0.000000,0.440612,-0.807029,0.764388,0.562058,0.000000,0.000000,0.000000,0.000000
16.5333,-0.829264,-0.071916,-0.935733,0.435295,0.000000,0.000000,0.000000,0.427254,-0.805041,0.760158,0.555856,0.000000,0.000000,0.000000,0.000000
16.5500,-0.820277,-0.089173,-0.947123,0.446121,0.000000,0.000000,0.000000,0.411720,-0.803236,0.755397,0.547483,0.000000,0.000000,0.000000,0.000000
16.5667,-0.808685,-0.106401,-0.959625,0.457077,0.000000,0.000000,0.000000,0.394491,-0.801777,0.750255,0.536989,0.000000,0.000000,0.000000,0.000000
16.5833,-0.794278,-0.123340,-0.973298,0.467992,0.000000,0.000000,0.000000,0.376007,-0.800780,0.744875,0.524487,0.000000,0.000000,0.000000,0.000000
16.6000,-0.776891,-0.139654,-0.988150,0.478652,0.000000,0.000000,0.000000,0.356667,-0.800289,0.739395,0.510157,0.000000,0.000000,0.000000,0.000000
16.6667,-0.756451,-0.154962,-1.004131,0.488828,0.000000,0.000000,0.000000,0.336839,-0.800273,0.733955,0.494257,0.000000,0.000000,0.000000,0.000000
16.6833,-0.733031,-0.168868,-1.021109,0.498316,0.000000,0.000000,0.000000,0.316855,-0.800626,0.728696,0.477120,0.000000,0.000000,0.000000,0.000000
16.7000,-0.706890,-0.180997,-1.038861,0.506965,0.000000,0.000000,0.000000,0.296985,-0.801188,0.723747,0.459118,0.000000,0.000000,0.000000,0.000000
16.7167,-0.678488,-0.191032,-1.057067,0.514686,0.000000,0.000000,0.000000,0.277425,-0.801770,0.719215,0.440612,0.000000,0.000000,0.000000,0.000000
16.7333,-0.648469,-0.198758,-1.075327,0.521456,0.000000,0.000000,0.000000,0.258290,-0.802173,0.715183,0.421902,0.000000,0.000000,0.000000,0.000000
16.7500,-0.617611,-0.204101,-1.093198,0.527303,0.000000,0.000000,0.000000,0.239619,-0.802210,0.711705,0.403224,0.000000,0.000000,0.000000,0.000000
16.7667,-0.586758,-0.207140,-1.110228,0.532295,0.000000,0.000000,0.000000,0.221372,-0.801719,0.708806,0.384743,0.000000,0.000000,0.000000,0.000000
16.7833,-0.556743,-0.208103,-1.126001,0.536519,0.000000,0.000000,0.000000,0.203438,-0.800571,0.706475,0.366572,0.000000,0.000000,0.000000,0.000000
16.8000,-0.528317,-0.207340,-1.140176,0.540073,0.000000,0.000000,0.000000,0.185645,-0.798681,0.704673,0.348786,0.000000,0.000000,0.000000,0.000000
16.8167,-0.502083,-0.205280,-1.152506,0.543055,0.000000,0.000000,0.000000,0.167783,-0.796018,0.703328,0.331437,0.000000,0.000000,0.000000,0.000000
16.8333,-0.478467,-0.202372,-1.162854,0.545553,0.000000,0.000000,0.000000,0.149624,-0.792619,0.702339,0.314564,0.000000,0.000000,0.000000,0.000000
16.8500,-0.457711,-0.199015,-1.171181,0.547647,0.000000,0.000000,0.000000,0.130934,-0.788592,0.701582,0.298202,0.000000,0.000000,0.000000,0.000000
16.8667,-0.439881,-0.195527,-1.177531,0.549406,0.000000,0.000000,0.000000,0.111482,-0.784100,0.700910,0.282374,0.000000,0.000000,0.000000,0.000000
16.8833,-0.424903,-0.192129,-1.182009,0.550886,0.000000,0.000000,0.000000,0.091038,-0.779329,0.700170,0.267085,0.000000,0.000000,0.000000,0.000000
16.9000,-0.412589,-0.188951,-1.184759,0.552130,0.000000,0.000000,0.000000,0.069380,-0.774461,0.699207,0.252309,0.000000,0.000000,0.000000,0.000000
16.9167,-0.402666,-0.186033,-1.185953,0.553165,0.000000,0.000000,0.000000,0.046304,-0.769655,0.697881,0.237982,0.000000,0.000000,0.000000,0.000000
16.9333,-0.394799,-0.183334,-1.185777,0.554000,0.000000,0.000000,0.000000,0.021652,-0.765045,0.696075,0.224001,0.000000,0.000000,0.000000,0.000000
16.9500,-0.388602,-0.180734,-1.184427,0.554622,0.000000,0.000000,0.000000,-0.004657,-0.760750,0.693704,0.210230,0.000000,0.000000,0.000000,0.000000
16.9667,-0.383651,-0.178035,-1.182109,0.554998,0.000000,0.000000,0.000000,-0.032593,-0.756890,0.690721,0.196519,0.000000,0.000000,0.000000,0.000000
16.9833,-0.379485,-0.174953,-1.179038,0.555074,0.000000,0.000000,0.000000,-0.061977,-0.753602,0.687126,0.182707,0.000000,0.000000,0.000000,0.000000
17.0000,-0.375622,-0.171141,-1.175428,0.554774,0.000000,0.000000,0.000000,-0.092467,-0.751053,0.682957,0.168649,0.000000,0.000000,0.000000,0.000000
17.0167,-0.371578,-0.166210,-1.171488,0.554005,0.000000,0.000000,0.000000,-0.123546,-0.749454,0.678293,0.154220,0.000000,0.000000,0.000000,0.000000
17.0333,-0.366884,-0.159762,-1.167407,0.552659,0.000000,0.000000,0.000000,-0.154543,-0.749056,0.673239,0.139334,0.000000,0.000000,0.000000,0.000000
17.0500,-0.361099,-0.151402,-1.163352,0.550617,0.000000,0.000000,0.000000,-0.184681,-0.750131,0.667923,0.123949,0.000000,0.000000,0.000000,0.000000
17.0667,-0.353814,-0.140760,-1.159466,0.547748,0.000000,0.000000,0.000000,-0.213144,-0.752936,0.662482,0.108063,0.000000,0.000000,0.000000,0.000000
17.0833,-0.344667,-0.127513,-1.155863,0.543919,0.000000,0.000000,0.000000,-0.239158,-0.757687,0.657056,0.091707,0.000000,0.000000,0.000000,0.000000
17.1000,-0.333353,-0.111415,-1.152632,0.539000,0.000000,0.000000,0.000000,-0.262062,-0.764524,0.651769,0.074936,0.000000,0.000000,0.000000,0.000000
17.1167,-0.319650,-0.092327,-1.149828,0.532870,0.000000,0.000000,0.000000,-0.281374,-0.773486,0.646728,0.057837,0.000000,0.000000,0.000000,0.000000
17.1333,-0.303440,-0.070251,-1.147473,0.525431,0.000000,0.000000,0.000000,-0.296828,-0.784495,0.642014,0.040547,0.000000,0.000000,0.000000,0.000000
17.1500,-0.284737,-0.045346,-1.145551,0.516619,0.000000,0.000000,0.000000,-0.308388,-0.797357,0.637680,0.023251,0.000000,0.000000,0.000000,0.000000
17.1667,-0.263708,-0.017946,-1.144007,0.506419,0.000000,0.000000,0.000000,-0.316230,-0.811770,0.633754,0.006186,0.000000,0.000000,0.000000,0.000000
17.1833,-0.240682,0.011445,-1.142750,0.494877,0.000000,0.000000,0.000000,-0.320715,-0.827342,0.630243,-0.010381,0.000000,0.000000,0.000000,0.000000
17.2000,-0.216128,0.042176,-1.141661,0.482104,0.000000,0.000000,0.000000,-0.322314,-0.843638,0.627142,-0.026185,0.000000,0.000000,0.000000,0.000000
17.2167,-0.190617,0.073498,-1.140610,0.468279,0.000000,0.000000,0.000000,-0.321538,-0.860239,0.624432,-0.041008,0.000000,0.000000,0.000000,0.000000
17.2333,-0.164772,0.104636,-1.139469,0.453636,0.000000,0.000000,0.000000,-0.318858,-0.876794,0.622091,-0.054710,0.000000,0.000000,0.000000,0.000000
17.2500,-0.139214,0.134861,-1.138129,0.438444,0.000000,0.000000,0.000000,-0.314665,-0.893058,0.620087,-0.067230,0.000000,0.000000,0.000000,0.000000
17.2667,-0.114513,0.163546,-1.136509,0.422994,0.000000,0.000000,0.000000,-0.309255,-0.908890,0.618383,-0.078581,0.000000,0.000000,0.000000,0.000000
17.2833,-0.091152,0.190189,-1.134566,0.407571,0.000000,0.000000,0.000000,-0.302837,-0.924247,0.616937,-0.088827,0.000000,0.000000,0.000000,0.000000
17.3000,-0.069501,0.214433,-1.132299,0.392449,0.000000,0.000000,0.000000,-0.295561,-0.939129,0.615709,-0.098052,0.000000,0.000000,0.000000,0.000000
17.3167,-0.049814,0.236049,-1.129747,0.377875,0.000000,0.000000,0.000000,-0.287562,-0.953529,0.614670,-0.106325,0.000000,0.000000,0.000000,0.000000
17.3333,-0.032236,0.254923,-1.126976,0.364058,0.000000,0.000000,0.000000,-0.278984,-0.967393,0.613809,-0.113673,0.000000,0.000000,0.000000,0.000000
17.3500,-0.016824,0.271041,-1.124067,0.351167,0.000000,0.000000,0.000000,-0.269981,-0.980617,0.613131,-0.120078,0.000000,0.000000,0.000000,0.000000
17.3667,-0.003560,0.284476,-1.121106,0.339319,0.000000,0.000000,0.000000,-0.260709,-0.993061,0.612660,-0.125475,0.000000,0.000000,0.000000,0.000000
17.3833,0.007636,0.295380,-1.118168,0.328583,0.000000,0.000000,0.000000,-0.251308,-1.004559,0.612432,-0.129754,0.000000,0.000000,0.000000,0.000000
17.4000,0.016885,0.303964,-1.115320,0.318987,0.000000,0.000000,0.000000,-0.241904,-1.014922,0.612504,-0.132777,0.000000,0.000000,0.000000,0.000000
17.4167,0.024338,0.310477,-1.112606,0.310521,0.000000,0.000000,0.000000,-0.232598,-1.023946,0.612944,-0.134398,0.000000,0.000000,0.000000,0.000000
17.4333,0.030155,0.315186,-1.110053,0.303146,0.000000,0.000000,0.000000,-0.223454,-1.031429,0.613838,-0.134489,0.000000,0.000000,0.000000,0.000000
17.4500,0.034495,0.318350,-1.107669,0.296807,0.000000,0.000000,0.000000,-0.214494,-1.037181,0.615282,-0.132967,0.000000,0.000000,0.000000,0.000000
17.4667,0.037505,0.320203,-1.105445,0.291440,0.000000,0.000000,0.000000,-0.205685,-1.041046,0.617380,-0.129811,0.000000,0.000000,0.000000,0.000000
17.4833,0.039304,0.320947,-1.103362,0.286981,0.000000,0.000000,0.000000,-0.196947,-1.042916,0.620236,-0.125070,0.000000,0.000000,0.000000,0.000000
17.5000,0.039979,0.320741,-1.101387,0.283379,0.000000,0.000000,0.000000,-0.188156,-1.042756,0.623942,-0.118859,0.000000,0.000000,0.000000,0.000000
17.5167,0.039579,0.319703,-1.099475,0.280592,0.000000,0.000000,0.000000,-0.179163,-1.040606,0.628564,-0.111345,0.000000,0.000000,0.000000,0.000000
17.5333,0.038112,0.317912,-1.097573,0.278594,0.000000,0.000000,0.000000,-0.169815,-1.036586,0.634138,-0.102733,0.000000,0.000000,0.000000,0.000000
17.5500,0.035552,0.315411,-1.095621,0.277375,0.000000,0.000000,0.000000,-0.159986,-1.030880,0.640658,-0.093247,0.000000,0.000000,0.000000,0.000000
17.5667,0.031847,0.312209,-1.093558,0.276938,0.000000,0.000000,0.000000,-0.149592,-1.023729,0.648071,-0.083114,0.000000,0.000000,0.000000,0.000000
17.5833,0.026924,0.308293,-1.091321,0.277299,0.000000,0.000000,0.000000,-0.138622,-1.015403,0.656281,-0.072555,0.000000,0.000000,0.000000,0.000000
17.6000,0.020700,0.303633,-1.088852,0.278480,0.000000,0.000000,0.000000,-0.127143,-1.006184,0.665148,-0.061774,0.000000,0.000000,0.000000,0.000000
17.6167,0.013087,0.298186,-1.086098,0.280509,0.000000,0.000000,0.000000,-0.115309,-0.996344,0.674494,-0.050957,0.000000,0.000000,0.000000,0.000000
17.6333,0.004000,0.291907,-1.083014,0.283411,0.000000,0.000000,0.000000,-0.103351,-0.986133,0.684116,-0.040270,0.000000,0.000000,0.000000,0.000000
17.6500,-0.006633,0.284758,-1.079564,0.287201,0.000000,0.000000,0.000000,-0.091552,-0.975767,0.693797,-0.029858,0.000000,0.000000,0.000000,0.000000
17.6667,-0.018862,0.276711,-1.075728,0.291876,0.000000,0.000000,0.000000,-0.080210,-0.965430,0.703325,-0.019835,0.000000,0.000000,0.000000,0.000000
17.6833,-0.032708,0.267761,-1.071496,0.297400,0.000000,0.000000,0.000000,-0.069592,-0.955275,0.712509,-0.010268,0.000000,0.000000,0.000000,0.000000
17.7000,-0.048154,0.257932,-1.066875,0.303702,0.000000,0.000000,0.000000,-0.059893,-0.945432,0.721195,-0.001162,0.000000,0.000000,0.000000,0.000000
17.7167,-0.065146,0.247289,-1.061881,0.310670,0.000000,0.000000,0.000000,-0.051200,-0.936010,0.729277,0.007563,0.000000,0.000000,0.000000,0.000000
17.7333,-0.083600,0.235945,-1.056531,0.318153,0.000000,0.000000,0.000000,-0.043471,-0.927103,0.736704,0.016067,0.000000,0.000000,0.000000,0.000000
17.7500,-0.103402,0.224077,-1.050844,0.325965,0.000000,0.000000,0.000000,-0.036519,-0.918799,0.743485,0.024594,0.000000,0.000000,0.000000,0.000000
17.7667,-0.124410,0.211922,-1.044833,0.333896,0.000000,0.000000,0.000000,-0.030026,-0.911171,0.749682,0.033452,0.000000,0.000000,0.000000,0.000000
17.7833,-0.146458,0.199775,-1.038505,0.341721,0.000000,0.000000,0.000000,-0.023570,-0.904273,0.755401,0.043007,0.000000,0.000000,0.000000,0.000000
17.8000,-0.169350,0.187965,-1.031871,0.349221,0.000000,0.000000,0.000000,-0.016659,-0.898130,0.760780,0.053663,0.000000,0.000000,0.000000,0.000000
17.8167,-0.192880,0.176807,-1.024946,0.356202,0.000000,0.000000,0.000000,-0.008765,-0.892738,0.765978,0.065849,0.000000,0.000000,0.000000,0.000000
17.8333,-0.216852,0.166567,-1.017751,0.362520,0.000000,0.000000,0.000000,0.000636,-0.888062,0.771157,0.080004,0.000000,0.000000,0.000000,0.000000
17.8500,-0.241110,0.157438,-1.010309,0.368072,0.000000,0.000000,0.000000,0.012035,-0.884042,0.776473,0.096551,0.000000,0.000000,0.000000,0.000000
17.8667,-0.265545,0.149554,-1.002633,0.372785,0.000000,0.000000,0.000000,0.025848,-0.880590,0.782057,0.115870,0.000000,0.000000,0.000000,0.000000
17.8833,-0.290094,0.142995,-0.994729,0.376600,0.000000,0.000000,0.000000,0.042388,-0.877597,0.788006,0.138261,0.000000,0.000000,0.000000,0.000000
17.9000,-0.314723,0.137795,-0.986604,0.379458,0.000000,0.000000,0.000000,0.061833,-0.874932,0.794376,0.163902,0.000000,0.000000,0.000000,0.000000
17.9167,-0.339411,0.133943,-0.978271,0.381296,0.000000,0.000000,0.000000,0.084204,-0.872453,0.801173,0.192795,0.000000,0.000000,0.000000,0.000000
17.9333,-0.364132,0.131376,-0.969761,0.382053,0.000000,0.000000,0.000000,0.109345,-0.870018,0.808347,0.224718,0.000000,0.000000,0.000000,0.000000
17.9500,-0.388845,0.129978,-0.961132,0.381696,0.000000,0.000000,0.000000,0.136892,-0.867485,0.815786,0.259167,0.000000,0.000000,0.000000,0.000000
17.9667,-0.413497,0.129568,-0.952467,0.380251,0.000000,0.000000,0.000000,0.166247,-0.864727,0.823313,0.295305,0.000000,0.000000,0.000000,0.000000
18.0667,-0.438014,0.129901,-0.943880,0.377812,0.000000,0.000000,0.000000,0.196585,-0.861640,0.830692,0.331951,0.000000,0.000000,0.000000,0.000000
18.0833,-0.462297,0.130673,-0.935515,0.374550,0.000000,0.000000,0.000000,0.226938,-0.858160,0.837654,0.367747,0.000000,0.000000,0.000000,0.000000
18.1000,-0.486208,0.131526,-0.927545,0.370695,0.000000,0.000000,0.000000,0.256327,-0.854265,0.843946,0.401432,0.000000,0.000000,0.000000,0.000000
18.1167,-0.509572,0.132077,-0.920167,0.366515,0.000000,0.000000,0.000000,0.283870,-0.849976,0.849347,0.432033,0.000000,0.000000,0.000000,0.000000
18.1333,-0.532191,0.131943,-0.913584,0.362285,0.000000,0.000000,0.000000,0.308820,-0.845368,0.853679,0.458885,0.000000,0.000000,0.000000,0.000000
18.1500,-0.553862,0.130762,-0.907993,0.358262,0.000000,0.000000,0.000000,0.330581,-0.840566,0.856807,0.481584,0.000000,0.000000,0.000000,0.000000
18.1667,-0.574394,0.128218,-0.903565,0.354670,0.000000,0.000000,0.000000,0.348727,-0.835744,0.858641,0.499944,0.000000,0.000000,0.000000,0.000000
18.1833,-0.593629,0.124064,-0.900430,0.351687,0.000000,0.000000,0.000000,0.363020,-0.831105,0.859145,0.513946,0.000000,0.000000,0.000000,0.000000
18.2000,-0.611443,0.118140,-0.898669,0.349440,0.000000,0.000000,0.000000,0.373407,-0.826862,0.858334,0.523709,0.000000,0.000000,0.000000,0.000000
18.2167,-0.627751,0.110385,-0.898306,0.348005,0.000000,0.000000,0.000000,0.379999,-0.823215,0.856272,0.529470,0.000000,0.000000,0.000000,0.000000
18.2333,-0.642505,0.100831,-0.899311,0.347422,0.000000,0.000000,0.000000,0.383028,-0.820333,0.853053,0.531567,0.000000,0.000000,0.000000,0.000000
18.2667,-0.655699,0.089595,-0.901610,0.347692,0.000000,0.000000,0.000000,0.382809,-0.818344,0.848797,0.530418,0.000000,0.000000,0.000000,0.000000
18.2833,-0.667364,0.076845,-0.905087,0.348785,0.000000,0.000000,0.000000,0.379694,-0.817342,0.843627,0.526508,0.000000,0.000000,0.000000,0.000000
18.3000,-0.677568,0.062776,-0.909604,0.350636,0.000000,0.000000,0.000000,0.374026,-0.817375,0.837667,0.520351,0.000000,0.000000,0.000000,0.000000
18.3167,-0.686417,0.047584,-0.915013,0.353153,0.000000,0.000000,0.000000,0.366109,-0.818450,0.831025,0.512453,0.000000,0.000000,0.000000,0.000000
18.3333,-0.694040,0.031447,-0.921164,0.356222,0.000000,0.000000,0.000000,0.356208,-0.820527,0.823800,0.503276,0.000000,0.000000,0.000000,0.000000
18.3500,-0.700582,0.014525,-0.927918,0.359733,0.000000,0.000000,0.000000,0.344552,-0.823528,0.816080,0.493214,0.000000,0.000000,0.000000,0.000000
18.3667,-0.706187,-0.003041,-0.935151,0.363593,0.000000,0.000000,0.000000,0.331359,-0.827342,0.807948,0.482587,0.000000,0.000000,0.000000,0.000000
18.3833,-0.710990,-0.021105,-0.942752,0.367741,0.000000,0.000000,0.000000,0.316840,-0.831827,0.799492,0.471640,0.000000,0.000000,0.000000,0.000000
18.4000,-0.715108,-0.039501,-0.950617,0.372144,0.000000,0.000000,0.000000,0.301219,-0.836811,0.790807,0.460553,0.000000,0.000000,0.000000,0.000000
18.4167,-0.718624,-0.058041,-0.958653,0.376797,0.000000,0.000000,0.000000,0.284730,-0.842090,0.782005,0.449462,0.000000,0.000000,0.000000,0.000000
18.4333,-0.721579,-0.076521,-0.966782,0.381716,0.000000,0.000000,0.000000,0.267622,-0.847431,0.773212,0.438476,0.000000,0.000000,0.000000,0.000000
18.4500,-0.723963,-0.094729,-0.974950,0.386926,0.000000,0.000000,0.000000,0.250166,-0.852586,0.764569,0.427689,0.000000,0.000000,0.000000,0.000000
18.4667,-0.725706,-0.112457,-0.983128,0.392461,0.000000,0.000000,0.000000,0.232654,-0.857309,0.756231,0.417175,0.000000,0.000000,0.000000,0.000000
18.4833,-0.726682,-0.129511,-0.991319,0.398355,0.000000,0.000000,0.000000,0.215395,-0.861369,0.748355,0.406965,0.000000,0.000000,0.000000,0.000000
18.5000,-0.726706,-0.145720,-0.999559,0.404635,0.000000,0.000000,0.000000,0.198699,-0.864563,0.741102,0.397037,0.000000,0.000000,0.000000,0.000000
18.5167,-0.725547,-0.160946,-1.007916,0.411321,0.000000,0.000000,0.000000,0.182851,-0.866721,0.734617,0.387307,0.000000,0.000000,0.000000,0.000000
18.5333,-0.722936,-0.175084,-1.016482,0.418425,0.000000,0.000000,0.000000,0.168082,-0.867715,0.729023,0.377658,0.000000,0.000000,0.000000,0.000000
18.5500,-0.718594,-0.188059,-1.025366,0.425947,0.000000,0.000000,0.000000,0.154549,-0.867462,0.724406,0.367975,0.000000,0.000000,0.000000,0.000000
18.5667,-0.712260,-0.199812,-1.034667,0.433875,0.000000,0.000000,0.000000,0.142321,-0.865931,0.720812,0.358180,0.000000,0.000000,0.000000,0.000000
18.5833,-0.703725,-0.210300,-1.044462,0.442180,0.000000,0.000000,0.000000,0.131371,-0.863139,0.718242,0.348251,0.000000,0.000000,0.000000,0.000000
18.6000,-0.692861,-0.219478,-1.054787,0.450811,0.000000,0.000000,0.000000,0.121579,-0.859151,0.716648,0.338222,0.000000,0.000000,0.000000,0.000000
18.6167,-0.679652,-0.227310,-1.065622,0.459695,0.000000,0.000000,0.000000,0.112739,-0.854073,0.715939,0.328176,0.000000,0.000000,0.000000,0.000000
18.6333,-0.664204,-0.233769,-1.076886,0.468735,0.000000,0.000000,0.000000,0.104563,-0.848044,0.715979,0.318215,0.000000,0.000000,0.000000,0.000000
18.6500,-0.646759,-0.238844,-1.088444,0.477823,0.000000,0.000000,0.000000,0.096702,-0.841236,0.716599,0.308448,0.000000,0.000000,0.000000,0.000000
18.6667,-0.627675,-0.242550,-1.100106,0.486835,0.000000,0.000000,0.000000,0.088762,-0.833849,0.717599,0.298958,0.000000,0.000000,0.000000,0.000000
18.6833,-0.607406,-0.244920,-1.111650,0.495637,0.000000,0.000000,0.000000,0.080333,-0.826100,0.718765,0.289789,0.000000,0.000000,0.000000,0.000000
18.7000,-0.586466,-0.246013,-1.122830,0.504095,0.000000,0.000000,0.000000,0.071001,-0.818211,0.719876,0.280927,0.000000,0.000000,0.000000,0.000000
18.7167,-0.565392,-0.245909,-1.133401,0.512088,0.000000,0.000000,0.000000,0.060372,-0.810394,0.720721,0.272300,0.000000,0.000000,0.000000,0.000000
18.7333,-0.544707,-0.244713,-1.143130,0.519520,0.000000,0.000000,0.000000,0.048072,-0.802827,0.721108,0.263775,0.000000,0.000000,0.000000,0.000000
18.7500,-0.524865,-0.242540,-1.151825,0.526323,0.000000,0.000000,0.000000,0.033769,-0.795652,0.720869,0.255174,0.000000,0.000000,0.000000,0.000000
18.7667,-0.506219,-0.239507,-1.159345,0.532450,0.000000,0.000000,0.000000,0.017181,-0.788973,0.719869,0.246280,0.000000,0.000000,0.000000,0.000000
18.7833,-0.488986,-0.235705,-1.165617,0.537873,0.000000,0.000000,0.000000,-0.001887,-0.782874,0.718013,0.236862,0.000000,0.000000,0.000000,0.000000
18.8000,-0.473239,-0.231173,-1.170636,0.542568,0.000000,0.000000,0.000000,-0.023518,-0.777422,0.715244,0.226689,0.000000,0.000000,0.000000,0.000000
18.8167,-0.458903,-0.225865,-1.174464,0.546515,0.000000,0.000000,0.000000,-0.047651,-0.772691,0.711559,0.215542,0.000000,0.000000,0.000000,0.000000
18.8333,-0.445770,-0.219646,-1.177220,0.549688,0.000000,0.000000,0.000000,-0.074049,-0.768770,0.707001,0.203237,0.000000,0.000000,0.000000,0.000000
18.8500,-0.433528,-0.212298,-1.179067,0.552051,0.000000,0.000000,0.000000,-0.102282,-0.765783,0.701667,0.189644,0.000000,0.000000,0.000000,0.000000
18.8667,-0.421787,-0.203545,-1.180190,0.553559,0.000000,0.000000,0.000000,-0.131726,-0.763899,0.695696,0.174700,0.000000,0.000000,0.000000,0.000000
18.8833,-0.410105,-0.193077,-1.180790,0.554146,0.000000,0.000000,0.000000,-0.161587,-0.763331,0.689261,0.158435,0.000000,0.000000,0.000000,0.000000
18.9000,-0.398014,-0.180570,-1.181067,0.553733,0.000000,0.000000,0.000000,-0.190971,-0.764318,0.682549,0.140988,0.000000,0.000000,0.000000,0.000000
18.9167,-0.385052,-0.165722,-1.181208,0.552221,0.000000,0.000000,0.000000,-0.218967,-0.767078,0.675749,0.122627,0.000000,0.000000,0.000000,0.000000
18.9333,-0.370782,-0.148266,-1.181376,0.549500,0.000000,0.000000,0.000000,-0.244757,-0.771746,0.669039,0.103757,0.000000,0.000000,0.000000,0.000000
18.9500,-0.354825,-0.128006,-1.181701,0.545446,0.000000,0.000000,0.000000,-0.267701,-0.778342,0.662576,0.084902,0.000000,0.000000,0.000000,0.000000
18.9667,-0.336878,-0.104831,-1.182275,0.539932,0.000000,0.000000,0.000000,-0.287390,-0.786759,0.656478,0.066660,0.000000,0.000000,0.000000,0.000000
18.9833,-0.316729,-0.078753,-1.183150,0.532830,0.000000,0.000000,0.000000,-0.303662,-0.796791,0.650816,0.049651,0.000000,0.000000,0.000000,0.000000
19.0000,-0.294269,-0.049910,-1.184342,0.524025,0.000000,0.000000,0.000000,-0.316576,-0.808166,0.645611,0.034471,0.000000,0.000000,0.000000,0.000000
19.0167,-0.269514,-0.018579,-1.185824,0.513427,0.000000,0.000000,0.000000,-0.326370,-0.820578,0.640836,0.021648,0.000000,0.000000,0.000000,0.000000
19.0333,-0.242615,0.014829,-1.187525,0.500985,0.000000,0.000000,0.000000,-0.333401,-0.833722,0.636433,0.011616,0.000000,0.000000,0.000000,0.000000
19.0500,-0.213874,0.049767,-1.189337,0.486709,0.000000,0.000000,0.000000,-0.338091,-0.847317,0.632316,0.004684,0.000000,0.000000,0.000000,0.000000
19.0667,-0.183735,0.085568,-1.191122,0.470689,0.000000,0.000000,0.000000,-0.340888,-0.861116,0.628387,0.001031,0.000000,0.000000,0.000000,0.000000
19.0833,-0.152766,0.121474,-1.192729,0.453112,0.000000,0.000000,0.000000,-0.342233,-0.874912,0.624541,0.000695,0.000000,0.000000,0.000000,0.000000
19.1000,-0.121602,0.156719,-1.194015,0.434255,0.000000,0.000000,0.000000,-0.342533,-0.888546,0.620676,0.003577,0.000000,0.000000,0.000000,0.000000
19.1167,-0.090883,0.190603,-1.194863,0.414468,0.000000,0.000000,0.000000,-0.342134,-0.901917,0.616694,0.009451,0.000000,0.000000,0.000000,0.000000
19.1333,-0.061204,0.222545,-1.195194,0.394137,0.000000,0.000000,0.000000,-0.341297,-0.914989,0.612510,0.017976,0.000000,0.000000,0.000000,0.000000
19.1500,-0.033099,0.252081,-1.194956,0.373668,0.000000,0.000000,0.000000,-0.340177,-0.927805,0.608049,0.028707,0.000000,0.000000,0.000000,0.000000
19.1667,-0.007041,0.278860,-1.194122,0.353469,0.000000,0.000000,0.000000,-0.338814,-0.940482,0.603253,0.041122,0.000000,0.000000,0.000000,0.000000
19.1833,0.016569,0.302634,-1.192680,0.333919,0.000000,0.000000,0.000000,-0.337141,-0.953200,0.598081,0.054650,0.000000,0.000000,0.000000,0.000000
19.2000,0.037408,0.323263,-1.190626,0.315350,0.000000,0.000000,0.000000,-0.334999,-0.966179,0.592511,0.068708,0.000000,0.000000,0.000000,0.000000
19.2167,0.055245,0.340716,-1.187965,0.298026,0.000000,0.000000,0.000000,-0.332163,-0.979663,0.586540,0.082747,0.000000,0.000000,0.000000,0.000000
19.2333,0.069942,0.355065,-1.184709,0.282141,0.000000,0.000000,0.000000,-0.328370,-0.993874,0.580184,0.096304,0.000000,0.000000,0.000000,0.000000
19.2500,0.081456,0.366465,-1.180877,0.267834,0.000000,0.000000,0.000000,-0.323373,-1.008959,0.573486,0.109047,0.000000,0.000000,0.000000,0.000000
19.2667,0.089818,0.375126,-1.176492,0.255203,0.000000,0.000000,0.000000,-0.317005,-1.024896,0.566529,0.120797,0.000000,0.000000,0.000000,0.000000
19.3167,0.095120,0.381284,-1.171582,0.244323,0.000000,0.000000,0.000000,-0.309234,-1.041422,0.559446,0.131542,0.000000,0.000000,0.000000,0.000000
19.3333,0.097495,0.385182,-1.166175,0.235249,0.000000,0.000000,0.000000,-0.300171,-1.058036,0.552418,0.141423,0.000000,0.000000,0.000000,0.000000
19.3500,0.097100,0.387058,-1.160296,0.228026,0.000000,0.000000,0.000000,-0.290024,-1.074088,0.545659,0.150715,0.000000,0.000000,0.000000,0.000000
19.3667,0.094108,0.387132,-1.153967,0.222680,0.000000,0.000000,0.000000,-0.279042,-1.088879,0.539389,0.159822,0.000000,0.000000,0.000000,0.000000
19.3833,0.088693,0.385604,-1.147213,0.219226,0.000000,0.000000,0.000000,-0.267473,-1.101735,0.533818,0.169250,0.000000,0.000000,0.000000,0.000000
19.4000,0.081037,0.382655,-1.140057,0.217660,0.000000,0.000000,0.000000,-0.255534,-1.112063,0.529136,0.179581,0.000000,0.000000,0.000000,0.000000
19.4167,0.071319,0.378446,-1.132529,0.217960,0.000000,0.000000,0.000000,-0.243375,-1.119408,0.525495,0.191402,0.000000,0.000000,0.000000,0.000000
19.4333,0.059723,0.373115,-1.124667,0.220087,0.000000,0.000000,0.000000,-0.231058,-1.123479,0.523003,0.205253,0.000000,0.000000,0.000000,0.000000
19.4500,0.046432,0.366781,-1.116516,0.223973,0.000000,0.000000,0.000000,-0.218575,-1.124152,0.521722,0.221559,0.000000,0.000000,0.000000,0.000000
19.4667,0.031637,0.359537,-1.108134,0.229529,0.000000,0.000000,0.000000,-0.205884,-1.121441,0.521662,0.240603,0.000000,0.000000,0.000000,0.000000
19.4833,0.015531,0.351453,-1.099589,0.236633,0.000000,0.000000,0.000000,-0.192960,-1.115464,0.522781,0.262490,0.000000,0.000000,0.000000,0.000000
19.5000,-0.001686,0.342576,-1.090960,0.245136,0.000000,0.000000,0.000000,-0.179813,-1.106435,0.524984,0.287135,0.000000,0.000000,0.000000,0.000000
19.5167,-0.019802,0.332935,-1.082336,0.254861,0.000000,0.000000,0.000000,-0.166487,-1.094671,0.528126,0.314252,0.000000,0.000000,0.000000,0.000000
19.5333,-0.038598,0.322547,-1.073818,0.265603,0.000000,0.000000,0.000000,-0.153034,-1.080603,0.532022,0.343337,0.000000,0.000000,0.000000,0.000000
19.5500,-0.057843,0.311422,-1.065511,0.277140,0.000000,0.000000,0.000000,-0.139475,-1.064786,0.536456,0.373647,0.000000,0.000000,0.000000,0.000000
19.6167,-0.077296,0.299573,-1.057525,0.289233,0.000000,0.000000,0.000000,-0.125765,-1.047895,0.541206,0.404221,0.000000,0.000000,0.000000,0.000000
19.6333,-0.096718,0.287032,-1.049966,0.301643,0.000000,0.000000,0.000000,-0.111799,-1.030643,0.546069,0.434004,0.000000,0.000000,0.000000,0.000000
19.6500,-0.115875,0.273865,-1.042925,0.314131,0.000000,0.000000,0.000000,-0.097445,-1.013672,0.550887,0.462069,0.000000,0.000000,0.000000,0.000000
19.6667,-0.134550,0.260181,-1.036472,0.326467,0.000000,0.000000,0.000000,-0.082582,-0.997476,0.555558,0.487732,0.000000,0.000000,0.000000,0.000000
19.6833,-0.152549,0.246133,-1.030654,0.338425,0.000000,0.000000,0.000000,-0.067091,-0.982384,0.560040,0.510560,0.000000,0.000000,0.000000,0.000000
19.7000,-0.169707,0.231915,-1.025489,0.349788,0.000000,0.000000,0.000000,-0.050851,-0.968572,0.564342,0.530328,0.000000,0.000000,0.000000,0.000000
19.7167,-0.185899,0.217751,-1.020971,0.360354,0.000000,0.000000,0.000000,-0.033714,-0.956086,0.568526,0.546972,0.000000,0.000000,0.000000,0.000000
19.7333,-0.201043,0.203894,-1.017061,0.369944,0.000000,0.000000,0.000000,-0.015480,-0.944869,0.572699,0.560555,0.000000,0.000000,0.000000,0.000000
19.7500,-0.215106,0.190607,-1.013696,0.378410,0.000000,0.000000,0.000000,0.004109,-0.934791,0.577003,0.571235,0.000000,0.000000,0.000000,0.000000
19.7667,-0.228109,0.178145,-1.010787,0.385639,0.000000,0.000000,0.000000,0.025357,-0.925676,0.581609,0.579240,0.000000,0.000000,0.000000,0.000000
19.7833,-0.240132,0.166735,-1.008228,0.391562,0.000000,0.000000,0.000000,0.048579,-0.917325,0.586693,0.584857,0.000000,0.000000,0.000000,0.000000
19.8000,-0.251304,0.156554,-1.005903,0.396147,0.000000,0.000000,0.000000,0.074041,-0.909544,0.592420,0.588415,0.000000,0.000000,0.000000,0.000000
19.8167,-0.261813,0.147721,-1.003688,0.399397,0.000000,0.000000,0.000000,0.101893,-0.902151,0.598919,0.590280,0.000000,0.000000,0.000000,0.000000
19.8333,-0.271892,0.140306,-1.001454,0.401344,0.000000,0.000000,0.000000,0.132101,-0.895000,0.606258,0.590844,0.000000,0.000000,0.000000,0.000000
19.8833,-0.281817,0.134335,-0.999065,0.402035,0.000000,0.000000,0.000000,0.164412,-0.887994,0.614427,0.590510,0.000000,0.000000,0.000000,0.000000
19.9167,-0.291897,0.129811,-0.996381,0.401534,0.000000,0.000000,0.000000,0.198349,-0.881089,0.623334,0.589645,0.000000,0.000000,0.000000,0.000000
19.9667,-0.302462,0.126713,-0.993262,0.399920,0.000000,0.000000,0.000000,0.233258,-0.874255,0.632824,0.588514,0.000000,0.000000,0.000000,0.000000
19.9833,-0.313844,0.125004,-0.989574,0.397287,0.000000,0.000000,0.000000,0.268396,-0.867447,0.642714,0.587260,0.000000,0.000000,0.000000,0.000000
20.0000,-0.326356,0.124630,-0.985198,0.393749,0.000000,0.000000,0.000000,0.302994,-0.860571,0.652825,0.585934,0.000000,0.000000,0.000000,0.000000
20.0167,-0.340275,0.125519,-0.980034,0.389443,0.000000,0.000000,0.000000,0.336290,-0.853494,0.662986,0.584552,0.000000,0.000000,0.000000,0.000000
20.0333,-0.355816,0.127589,-0.974016,0.384528,0.000000,0.000000,0.000000,0.367536,-0.846071,0.673032,0.583118,0.000000,0.000000,0.000000,0.000000
20.0500,-0.373112,0.130747,-0.967112,0.379186,0.000000,0.000000,0.000000,0.396019,-0.838183,0.682799,0.581630,0.000000,0.000000,0.000000,0.000000
20.0667,-0.392184,0.134888,-0.959343,0.373616,0.000000,0.000000,0.000000,0.421108,-0.829783,0.692118,0.580081,0.000000,0.000000,0.000000,0.000000
20.0833,-0.412930,0.139888,-0.950785,0.368033,0.000000,0.000000,0.000000,0.442313,-0.820930,0.700824,0.578454,0.000000,0.000000,0.000000,0.000000
20.1000,-0.435106,0.145589,-0.941580,0.362664,0.000000,0.000000,0.000000,0.459341,-0.811812,0.708764,0.576732,0.000000,0.000000,0.000000,0.000000
20.1167,-0.458342,0.151801,-0.931928,0.357746,0.000000,0.000000,0.000000,0.472124,-0.802740,0.715804,0.574900,0.000000,0.000000,0.000000,0.000000
20.1667,-0.482161,0.158294,-0.922081,0.353518,0.000000,0.000000,0.000000,0.480793,-0.794111,0.721836,0.572958,0.000000,0.000000,0.000000,0.000000
20.1833,-0.506022,0.164805,-0.912319,0.350211,0.000000,0.000000,0.000000,0.485593,-0.786320,0.726775,0.570906,0.000000,0.000000,0.000000,0.000000
20.2000,-0.529378,0.171047,-0.902925,0.348045,0.000000,0.000000,0.000000,0.486776,-0.779684,0.730559,0.568709,0.000000,0.000000,0.000000,0.000000
20.2167,-0.551734,0.176720,-0.894158,0.347215,0.000000,0.000000,0.000000,0.484529,-0.774393,0.733147,0.566259,0.000000,0.000000,0.000000,0.000000
20.2333,-0.572702,0.181535,-0.886229,0.347886,0.000000,0.000000,0.000000,0.478956,-0.770514,0.734516,0.563372,0.000000,0.000000,0.000000,0.000000
20.2500,-0.592022,0.185229,-0.879282,0.350181,0.000000,0.000000,0.000000,0.470087,-0.768010,0.734662,0.559814,0.000000,0.000000,0.000000,0.000000
20.2667,-0.609563,0.187576,-0.873395,0.354173,0.000000,0.000000,0.000000,0.457903,-0.766759,0.733603,0.555327,0.000000,0.000000,0.000000,0.000000
20.2833,-0.625312,0.188395,-0.868587,0.359872,0.000000,0.000000,0.000000,0.442380,-0.766580,0.731383,0.549660,0.000000,0.000000,0.000000,0.000000
20.3000,-0.639339,0.187556,-0.864828,0.367211,0.000000,0.000000,0.000000,0.423535,-0.767249,0.728081,0.542582,0.000000,0.000000,0.000000,0.000000
20.3167,-0.651766,0.184995,-0.862054,0.376014,0.000000,0.000000,0.000000,0.401480,-0.768521,0.723812,0.533912,0.000000,0.000000,0.000000,0.000000
20.3333,-0.662737,0.180724,-0.860175,0.385982,0.000000,0.000000,0.000000,0.376466,-0.770152,0.718737,0.523533,0.000000,0.000000,0.000000,0.000000
20.3500,-0.672389,0.174833,-0.859092,0.396699,0.000000,0.000000,0.000000,0.348927,-0.771928,0.713061,0.511423,0.000000,0.000000,0.000000,0.000000
20.3667,-0.680860,0.167456,-0.858706,0.407697,0.000000,0.000000,0.000000,0.319507,-0.773682,0.707031,0.497678,0.000000,0.000000,0.000000,0.000000
20.4500,-0.688294,0.158729,-0.858934,0.418526,0.000000,0.000000,0.000000,0.289049,-0.775302,0.700931,0.482540,0.000000,0.000000,0.000000,0.000000
20.4667,-0.694851,0.148746,-0.859712,0.428814,0.000000,0.000000,0.000000,0.258471,-0.776686,0.695053,0.466378,0.000000,0.000000,0.000000,0.000000
20.4833,-0.700703,0.137553,-0.861006,0.438289,0.000000,0.000000,0.000000,0.228591,-0.777694,0.689670,0.449630,0.000000,0.000000,0.000000,0.000000
20.5000,-0.706030,0.125133,-0.862806,0.446788,0.000000,0.000000,0.000000,0.200008,-0.778117,0.685016,0.432706,0.000000,0.000000,0.000000,0.000000
20.5167,-0.711001,0.111422,-0.865129,0.454251,0.000000,0.000000,0.000000,0.173086,-0.777698,0.681273,0.415940,0.000000,0.000000,0.000000,0.000000
20.5333,-0.715767,0.096327,-0.868014,0.460716,0.000000,0.000000,0.000000,0.147984,-0.776179,0.678568,0.399575,0.000000,0.000000,0.000000,0.000000
20.5500,-0.720432,0.079764,-0.871517,0.466289,0.000000,0.000000,0.000000,0.124705,-0.773352,0.676974,0.383772,0.000000,0.000000,0.000000,0.000000
20.5667,-0.725038,0.061687,-0.875705,0.471123,0.000000,0.000000,0.000000,0.103151,-0.769106,0.676504,0.368620,0.000000,0.000000,0.000000,0.000000
20.5833,-0.729541,0.042125,-0.880652,0.475382,0.000000,0.000000,0.000000,0.083163,-0.763451,0.677114,0.354145,0.000000,0.000000,0.000000,0.000000
20.6000,-0.733802,0.021199,-0.886437,0.479230,0.000000,0.000000,0.000000,0.064550,-0.756524,0.678709,0.340308,0.000000,0.000000,0.000000,0.000000
20.6167,-0.737587,-0.000877,-0.893140,0.482810,0.000000,0.000000,0.000000,0.047111,-0.748571,0.681148,0.326994,0.000000,0.000000,0.000000,0.000000
20.6333,-0.740569,-0.023804,-0.900845,0.486244,0.000000,0.000000,0.000000,0.030649,-0.739936,0.684253,0.314013,0.000000,0.000000,0.000000,0.000000
20.6500,-0.742341,-0.047225,-0.909643,0.489627,0.000000,0.000000,0.000000,0.014977,-0.731032,0.687821,0.301112,0.000000,0.000000,0.000000,0.000000
20.6667,-0.742449,-0.070749,-0.919629,0.493034,0.000000,0.000000,0.000000,-0.000073,-0.722319,0.691628,0.287996,0.000000,0.000000,0.000000,0.000000
20.6833,-0.740420,-0.093981,-0.930898,0.496519,0.000000,0.000000,0.000000,-0.014654,-0.714272,0.695449,0.274363,0.000000,0.000000,0.000000,0.000000
20.7000,-0.735808,-0.116540,-0.943534,0.500116,0.000000,0.000000,0.000000,-0.028907,-0.707355,0.699056,0.259936,0.000000,0.000000,0.000000,0.000000
20.7167,-0.728236,-0.138061,-0.957596,0.503835,0.000000,0.000000,0.000000,-0.042968,-0.701991,0.702240,0.244489,0.000000,0.000000,0.000000,0.000000
20.7333,-0.717439,-0.158189,-0.973093,0.507659,0.000000,0.000000,0.000000,-0.056969,-0.698527,0.704809,0.227878,0.000000,0.000000,0.000000,0.000000
20.7500,-0.703308,-0.176556,-0.989958,0.511554,0.000000,0.000000,0.000000,-0.071041,-0.697213,0.706604,0.210049,0.000000,0.000000,0.000000,0.000000
20.7667,-0.685926,-0.192768,-1.008027,0.515477,0.000000,0.000000,0.000000,-0.085305,-0.698183,0.707500,0.191050,0.000000,0.000000,0.000000,0.000000
20.7833,-0.665581,-0.206402,-1.027026,0.519385,0.000000,0.000000,0.000000,-0.099859,-0.701453,0.707418,0.171021,0.000000,0.000000,0.000000,0.000000
20.8000,-0.642757,-0.217010,-1.046571,0.523230,0.000000,0.000000,0.000000,-0.114756,-0.706931,0.706327,0.150188,0.000000,0.000000,0.000000,0.000000
20.8167,-0.618075,-0.224180,-1.066213,0.526960,0.000000,0.000000,0.000000,-0.129992,-0.714440,0.704245,0.128855,0.000000,0.000000,0.000000,0.000000
20.8333,-0.592201,-0.227612,-1.085496,0.530523,0.000000,0.000000,0.000000,-0.145495,-0.723745,0.701235,0.107387,0.000000,0.000000,0.000000,0.000000
20.8500,-0.565765,-0.227181,-1.104025,0.533872,0.000000,0.000000,0.000000,-0.161120,-0.734591,0.697397,0.086193,0.000000,0.000000,0.000000,0.000000
20.8667,-0.539305,-0.222957,-1.121493,0.536970,0.000000,0.000000,0.000000,-0.176635,-0.746755,0.692851,0.065682,0.000000,0.000000,0.000000,0.000000
20.8833,-0.513260,-0.215185,-1.137683,0.539792,0.000000,0.000000,0.000000,-0.191704,-0.760098,0.687730,0.046224,0.000000,0.000000,0.000000,0.000000
20.9000,-0.487970,-0.204245,-1.152448,0.542321,0.000000,0.000000,0.000000,-0.205888,-0.774606,0.682161,0.028117,0.000000,0.000000,0.000000,0.000000
20.9167,-0.463693,-0.190619,-1.165697,0.544545,0.000000,0.000000,0.000000,-0.218657,-0.790383,0.676263,0.011565,0.000000,0.000000,0.000000,0.000000
20.9333,-0.440610,-0.174841,-1.177375,0.546451,0.000000,0.000000,0.000000,-0.229444,-0.807621,0.670140,-0.003306,0.000000,0.000000,0.000000,0.000000
20.9500,-0.418837,-0.157465,-1.187450,0.548023,0.000000,0.000000,0.000000,-0.237707,-0.826549,0.663876,-0.016431,0.000000,0.000000,0.000000,0.000000
20.9667,-0.398419,-0.139022,-1.195913,0.549229,0.000000,0.000000,0.000000,-0.242973,-0.847389,0.657537,-0.027792,0.000000,0.000000,0.000000,0.000000
20.9833,-0.379325,-0.119987,-1.202775,0.550022,0.000000,0.000000,0.000000,-0.244881,-0.870314,0.651169,-0.037397,0.000000,0.000000,0.000000,0.000000
21.0000,-0.361432,-0.100724,-1.208087,0.550332,0.000000,0.000000,0.000000,-0.243211,-0.895407,0.644802,-0.045265,0.000000,0.000000,0.000000,0.000000
21.0167,-0.344510,-0.081442,-1.211941,0.550060,0.000000,0.000000,0.000000,-0.237923,-0.922610,0.638457,-0.051409,0.000000,0.000000,0.000000,0.000000
21.0500,-0.328229,-0.062169,-1.214479,0.549083,0.000000,0.000000,0.000000,-0.229196,-0.951667,0.632162,-0.055813,0.000000,0.000000,0.000000,0.000000
21.0667,-0.312182,-0.042784,-1.215880,0.547259,0.000000,0.000000,0.000000,-0.217414,-0.982118,0.625955,-0.058444,0.000000,0.000000,0.000000,0.000000
21.0833,-0.295926,-0.023068,-1.216337,0.544425,0.000000,0.000000,0.000000,-0.203112,-1.013348,0.619891,-0.059293,0.000000,0.000000,0.000000,0.000000
21.1000,-0.279035,-0.002767,-1.216034,0.540415,0.000000,0.000000,0.000000,-0.186914,-1.044651,0.614033,-0.058392,0.000000,0.000000,0.000000,0.000000
21.1167,-0.261147,0.018351,-1.215125,0.535061,0.000000,0.000000,0.000000,-0.169478,-1.075277,0.608452,-0.055821,0.000000,0.000000,0.000000,0.000000
21.1333,-0.241996,0.040455,-1.213723,0.528201,0.000000,0.000000,0.000000,-0.151469,-1.104474,0.603223,-0.051689,0.000000,0.000000,0.000000,0.000000
21.1500,-0.221439,0.063613,-1.211900,0.519693,0.000000,0.000000,0.000000,-0.133534,-1.131519,0.598417,-0.046121,0.000000,0.000000,0.000000,0.000000
21.1667,-0.199470,0.087761,-1.209697,0.509419,0.000000,0.000000,0.000000,-0.116285,-1.155733,0.594099,-0.039241,0.000000,0.000000,0.000000,0.000000
21.1833,-0.176227,0.112699,-1.207124,0.497306,0.000000,0.000000,0.000000,-0.100288,-1.176498,0.590328,-0.031163,0.000000,0.000000,0.000000,0.000000
21.2000,-0.151974,0.138116,-1.204182,0.483339,0.000000,0.000000,0.000000,-0.086046,-1.193266,0.587159,-0.021979,0.000000,0.000000,0.000000,0.000000
21.2167,-0.127069,0.163638,-1.200874,0.467576,0.000000,0.000000,0.000000,-0.073980,-1.205570,0.584645,-0.011762,0.000000,0.000000,0.000000,0.000000
21.2333,-0.101920,0.188869,-1.197226,0.450171,0.000000,0.000000,0.000000,-0.064406,-1.213050,0.582838,-0.000561,0.000000,0.000000,0.000000,0.000000
21.2500,-0.076944,0.213425,-1.193287,0.431377,0.000000,0.000000,0.000000,-0.057501,-1.215477,0.581796,0.011590,0.000000,0.000000,0.000000,0.000000
21.2667,-0.052539,0.236949,-1.189125,0.411534,0.000000,0.000000,0.000000,-0.053288,-1.212788,0.581579,0.024677,0.000000,0.000000,0.000000,0.000000
21.2833,-0.029068,0.259133,-1.184816,0.391032,0.000000,0.000000,0.000000,-0.051641,-1.205094,0.582241,0.038693,0.000000,0.000000,0.000000,0.000000
21.3000,-0.006853,0.279730,-1.180433,0.370279,0.000000,0.000000,0.000000,-0.052315,-1.192688,0.583821,0.053624,0.000000,0.000000,0.000000,0.000000
21.3167,0.013826,0.298556,-1.176036,0.349669,0.000000,0.000000,0.000000,-0.054977,-1.176030,0.586326,0.069435,0.000000,0.000000,0.000000,0.000000
21.3333,0.032741,0.315495,-1.171674,0.329562,0.000000,0.000000,0.000000,-0.059247,-1.155721,0.589724,0.086057,0.000000,0.000000,0.000000,0.000000
21.3500,0.049721,0.330492,-1.167382,0.310273,0.000000,0.000000,0.000000,-0.064725,-1.132474,0.593939,0.103381,0.000000,0.000000,0.000000,0.000000
21.3667,0.064653,0.343543,-1.163189,0.292073,0.000000,0.000000,0.000000,-0.071020,-1.107079,0.598855,0.121232,0.000000,0.000000,0.000000,0.000000
21.3833,0.077480,0.354686,-1.159116,0.275183,0.000000,0.000000,0.000000,-0.077772,-1.080367,0.604315,0.139364,0.000000,0.000000,0.000000,0.000000
21.4000,0.088196,0.363988,-1.155180,0.259776,0.000000,0.000000,0.000000,-0.084664,-1.053184,0.610129,0.157454,0.000000,0.000000,0.000000,0.000000
21.4167,0.096833,0.371537,-1.151388,0.245971,0.000000,0.000000,0.000000,-0.091432,-1.026356,0.616085,0.175112,0.000000,0.000000,0.000000,0.000000
21.4333,0.103453,0.377441,-1.147740,0.233838,0.000000,0.000000,0.000000,-0.097863,-1.000671,0.621961,0.191905,0.000000,0.000000,0.000000,0.000000
